190.0
190.0
190.0
190.0
190.0
190.0
190.0
190.0
190.0
190.0
190.0
190.0
190.0
190.0
190.0
190.0
190.0
190.0
190.0
190.0
190.0
190.0
190.00000123456715
190.00002098745847
190.0001209824588
190.00043698190845
190.00120828931267
190.00280701067638
190.0057668236361
190.01081087113616
190.01887824221393
190.03114833480575
190.0490622272529
190.07434003443717
190.10899311434434
190.1553299482193
190.21595457003573
190.29375659261015
190.39189218234475
190.5137557701016
190.66294282876663
190.84320465259756
191.05839667412414
191.31242237556899
191.60917522092578
191.95248119712556
192.3460444829819
192.79339847307358
193.29786391368688
193.86251532607187
194.49015627461472
195.18330345517467
195.94417908677968
196.77471072120784
197.67653735047116
198.65102058410292
199.69925966612735
200.8221091791595
202.02019841288242
203.29395153166712
204.64360784168912
206.06924161736904
207.57078109126635
209.14802633587826
210.80066586853548
212.52829189232207
214.33041414858567
216.2064724027261
218.1558476173395
220.17787188814938
222.27183723091113
224.43700331373194
226.67260423074444
228.97785441121118
231.3519537540154
233.79409207195246
236.30345292389987
238.8792169062682
241.52056446844048
244.22667831041213
246.99674541468593
249.82995875874215
252.7255187491316
255.68263441344453
258.70052438208154
261.77841768787505
264.91555440815404
268.1111861707761
271.36457654293883
274.6750013191908
278.04174872295704
281.46411953404913
284.9414271530107
288.47299761173196
292.058169538531
295.6962940848153
299.38673481949616
303.1288675965035
306.9220804000317
310.765773171523
314.6593576218483
318.60225703167305
322.32818504276906
326.0063696939714
329.6362480276834
333.21724582366727
336.7487774193126
340.2302455440695
343.6610411713582
347.0405433917889
349.867061361167
352.6489241284063
355.38557359341513
358.07644139738153
360.72094897507634
363.3185076584993
365.8685188406887
368.37037420982966
370.02643913093937
371.64915419683837
373.30521911794807
374.9942108265971
376.71571231577354
378.46931291680954
380.190814405986
381.879806114635
382.5169175507625
383.14119882916066
383.7524849936803
384.35060906090814
384.9354022274299
385.53352629465775
386.1448124591774
386.76909373757553
387.40620517370303
388.05598400748437
388.7182698104648
389.3929045926395
390.0797328845365
390.77860179801866
391.48936106882826
392.21186308350593
392.94596289297453
393.6915182147803
394.4483894257206
395.216439546362
395.99553421874924
396.78554167843663
397.58633272181737
398.3977806695978
400.3147890247435
402.2560776261764
404.221368119383
406.21038763710465
408.22286869051567
410.2585490586806
412.3171716769773
414.35285204514224
415.3017698653549
416.2396251867344
417.1662918839126
418.0816412955024
418.9855421727857
419.8778606295918
420.75846009380655
421.62720126102715
423.5382286446444
425.42216504487504
427.2786808974948
429.10744020810154
430.9081004974398
432.68031276342407
434.4237214630562
436.13796451792257
438.66774756439924
441.15261846247387
441.15261846247387
441.15261846247387
441.15261846247387
441.15261846247387
441.15261846247387
441.15261846247387
441.15261846247387
441.15261846247387
441.15261846247387
441.15261846247387
441.15261846247387
441.15261846247387
441.8173584634201
442.4820984643663
443.1468384653125
443.8115784662587
444.4763184672049
445.14105846815113
445.80579846909734
446.47053847004355
447.13527847098976
447.80001847193597
448.3389983622981
448.8779782526603
449.41695814302244
449.9559380333846
450.49491792374675
451.0338978141089
451.57287770447107
452.1118575948332
452.44302257216856
452.7741875495039
453.1053525268392
453.43651750417456
453.7676824815099
454.0988474588452
454.43001243618056
454.7611774135159
455.09234239085123
455.42350736818656
455.7546723455219
456.08583732285723
456.41700230019256
456.7481672775279
457.07933225486323
457.41049723219857
457.9494771225607
458.4884570129229
459.02743690328504
459.5664167936472
460.10539668400935
460.6970411081711
461.342848898812
462.04409450926573
462.97864059675493
463.98391980428755
465.0607516912073
466.20973975708284
467.4312907828004
468.725634267075
470.0928414403465
471.53284347641187
472.7592835354026
474.04434895743924
475.3877226463218
476.789023384955
478.24781554409327
479.7636177703943
481.33591071243643
482.96414385327125
483.99859540534334
485.0666986131141
486.16807815439694
487.30235176482483
488.4691323611999
489.66802987238947
490.8986528118828
492.1606096229239
493.4535098240319
494.7769649797799
496.13058951896164
497.5140014197586
498.9268227792267
500.36868028235745
501.83920558411273
503.33803561618447
505.67181073594185
507.9600890559581
510.2022859997665
512.3978091033829
514.5460586216093
516.6464282724494
518.6983061409047
520.7010757663581
523.1481072147682
525.5320542542319
527.8521384336311
530.1075841162553
532.297621606751
534.4214907917661
536.478445362123
538.4677576906956
540.6268033272379
542.856084694253
545.1548184416387
547.522206729987
549.957441662314
552.4597091053955
555.0281919719152
557.6620730279449
560.3605372838063
563.1227740202231
565.9479784959502
568.8353533778123
571.784109929304
574.7934689895851
577.862661770842
580.9909304985372
584.0555960132886
587.175653022426
590.3504070005357
593.5791753417087
596.8612874818258
600.1960849602655
603.5829214300836
607.021162624526
610.5101862866952
614.0493820682925
617.6381514025618
621.2759073558784
624.9620744618228
628.6960885410587
632.382255647003
636.0200116003197
639.7614890044813
643.4512834193253
647.0887708080903
650.6733148511481
654.3108022399132
658.0005966547571
661.7420740589188
665.534622543777
669.3776421558644
673.2705447090809
677.1135643211683
680.9061128060265
684.6475902101881
688.3373846250321
691.9748720137972
695.559416056855
698.9289990256334
702.2468081043453
705.5122002387205
708.7245203225218
711.8831012076728
714.9872637656518
718.0363170091534
721.0295582843704
723.4486724257875
725.820626088583
728.1448133201159
730.4206199918052
732.6474244276046
734.8245981756386
736.9515069450479
739.027511733135
740.2884354466916
741.5168525787541
742.7123620035114
743.940779135574
745.2017028491305
746.4947319463948
747.8194663313318
749.1755080043387
749.4963892034439
749.8095906511649
750.115015435021
750.412566375662
750.7021463111718
750.9996972518128
751.3051220356689
751.6183234833899
750.8865002428948
750.1373819119523
749.3711867363087
748.5881309526426
747.7884284662167
746.9722905853741
746.1399258052942
745.2915396343569
744.4273344572949
743.5475094300459
742.6522604018651
741.7417798608257
740.8162568993362
739.8758771967392
738.920823016441
737.9512732153541
736.9674032637314
735.969385273719
734.9573880351857
733.9315770575726
732.8921146166832
731.8391598054761
730.7728685880521
729.6933938561414
729.7622503034913
729.8319189490035
729.9023907150385
729.9736567024595
730.0457081867545
730.1185366141594
730.1921335977981
730.2664909138505
729.1860923233132
728.1165145773296
727.0578736788865
726.0102879218581
724.9738779455652
723.9487667898929
722.9350799508182
721.93294543617
719.8851833191756
717.8618510265455
715.8632294842487
713.8896052675664
711.9412707105316
710.018524011806
708.1216693358723
706.2510169082389
703.5280333624405
700.8446826301237
698.2014503472303
695.5988315227094
693.0373305934072
690.5174614502032
688.0397474300651
685.6047212678889
682.6292828048004
679.7083088144096
676.8424961026764
674.032552230206
671.2791950410851
668.5831520650585
665.9451597730043
663.3659626628123
660.6603531966589
658.0194979389186
655.4442140372645
652.9353208895626
650.4936377466788
648.1199808975642
645.8151603784177
643.57997614123
641.5959930216127
639.6772525027835
637.8244329650247
636.0381831478492
634.3191150647283
632.6677959514825
631.084739161798
629.5703939290607
628.1251339253895
626.7492445683152
625.4429090552352
624.067019698161
622.6217596944897
621.1074144617525
619.5243576720679
617.8730385588221
616.1539704757013
614.3677206585257
612.5149011207669
610.5961606019378
608.6121774823205
606.5636535761196
604.4513087168365
602.2758760524372
600.0380979729629
597.7387225990396
595.3785007658586
592.9581834433349
590.4785195391047
587.9402540366606
585.3441264261825
582.6908693904509
579.9812077126228
577.2158573766164
574.3955248344025
571.5209064176684
568.5926878741307
565.6115440112603
562.5781384323728
559.4931233519661
556.0792610573324
552.6105985358018
549.0878080799005
545.511549417043
541.9887589611417
538.5200964396112
535.1062341449774
531.7478569697099
528.5582047398262
525.4235061568245
522.3444590053364
519.3217728512602
516.3561687642574
513.448378943126
510.59914622823
507.8092234828583
505.56616874160795
503.3731068725263
501.2306767952673
499.1395221757079
496.9970920984489
494.80403022936724
492.5609754881169
490.2685609127573
488.7804702520161
487.2617965215055
485.7129276901697
484.1342461691004
482.52612855688966
480.88894544397084
479.22306126768467
477.52883421086665
475.8066161376812
474.05675256124135
472.2795826382672
470.475439186658
468.6982692636838
466.94840568724396
465.2261876140585
463.5319605572405
462.9202611587229
462.3191005620311
461.7286125856534
461.1489333074447
460.5802010114078
460.0225561158492
459.4761410798746
458.94110028474796
459.50512146948785
460.0815542960842
460.67024130191726
461.271026936044
461.8837577183829
462.50828236753256
463.14445190150985
463.7921197151527
465.52831556929175
467.2940505668924
469.0889579927219
470.91267775065654
472.7648563692488
474.64514698341327
476.55320929596394
478.48870952223797
480.4513203206123
482.44072071134076
484.45659598581324
486.4986376080514
488.56654311000807
490.6600159820195
492.7787655595731
494.92250690738734
496.018186950046
497.12621537803875
498.246456544505
499.37877745733965
500.5230477191742
501.6791394678013
502.8469273172014
504.02628829930524
504.06800256775995
504.11011387468216
504.15182814313687
504.1931412289485
504.2340489072286
504.2745468703984
504.3146307261781
504.3542959955469
505.52298126134735
506.67892565675635
507.8219876689533
508.952022952682
510.06888426734673
511.17242141436026
512.2624811750727
513.3389072496664
515.4400755844846
515.4400755844846
515.4400755844846
515.4400755844846
515.4400755844846
515.4400755844846
515.4400755844846
515.4400755844846
515.9874118604655
516.5347481364464
517.0820844124273
517.6294206884082
518.1767569643891
518.72409324037
519.271429516351
519.8187657923319
520.3661020683128
520.9134383442937
521.4607746202746
522.0081108962555
522.5554471722364
523.1027834482173
523.6501197241982
524.1974560001792
524.7447922761601
525.292128552141
525.8394648281219
526.3868011041028
526.9341373800837
527.4814736560646
528.0288099320455
528.5761462080264
529.1234824840074
529.6708187599883
530.2181550359692
530.7654913119501
531.312827587931
531.9136449126886
532.4609811886695
533.0617985134271
533.4726858086457
533.8491123254793
534.1920316778586
534.502543259868
534.7818921515402
535.1248115039195
535.5012380207531
535.9121253159717
535.9984213819214
536.0847174478711
536.1710135138208
536.2573095797704
536.3436056457201
536.4299017116698
536.5161977776195
536.6024938435692
536.4190288293241
536.2176371732571
535.9978086831258
535.8143436688807
535.6129520128137
535.3931235226823
535.1544243834162
534.8964941986676
534.6190420160583
534.3218416411869
534.0047265111011
533.6675843562506
533.3103518361037
532.9330092914048
532.5355757178519
532.1181040330692
531.1040918645436
530.0440701379882
528.9383396620362
527.7872441805537
526.5911635171183
525.350507478618
524.0657104638587
522.7372267192342
521.3655261825946
519.9510908575903
518.4944116632948
516.9959857073158
515.4563139344851
513.8758991073196
512.2552440785478
510.5948503199871
508.1875294716645
505.7253315197198
503.20895134911717
500.63907635272494
498.0163855781099
495.3415490326278
492.6152271254386
489.83807022774005
487.01071833487225
484.13380081602236
481.20793623908924
478.233732259871
475.2117855661458
472.14268186844726
469.02699593041046
465.8652916325067
462.2477681810377
458.579574040398
454.8613091339268
451.09356166397214
447.27690829599857
443.411914354277
439.499134026633
435.53911057608286
431.4675110737802
427.3489753192104
423.1840233988537
418.97316519371833
414.71690060589157
410.4157197841426
406.07010334786054
401.6805226087279
397.24743978962954
392.77130824038545
388.25257264997225
383.69166925496177
379.08902604396354
374.44506295790626
369.7601920860348
365.03481785753615
360.2693372287383
355.4641398658524
350.6196083232513
345.7361182172971
340.81403839574483
335.85373110276623
330.85555213964443
325.81985102120444
320.9707017930337
316.0863360105159
311.16707060357055
306.21321705169515
301.22508151422267
296.2029649569737
291.14716327539077
286.0579674142436
281.38198930644734
276.6760448322773
271.94038665303776
267.17526331814923
262.38091935998324
257.5575953860469
252.70552816859342
247.82495073173388
243.54329686418237
239.23717251262005
234.9067715550079
230.55228488345853
226.17390047025478
221.77180343205237
217.3461760923218
212.8971980420834
209.19163986495303
205.4670246532438
201.72349470963246
197.9611902607288
194.21766031711746
190.49304510540824
186.7495151617969
182.98721071289324
180.083756629562
177.16609597396692
174.23433184454365
171.2885658749584
168.32889826436104
165.35542780684284
162.3682519201232
159.36746667348908
157.29860150817265
155.22052472869456
153.13329960589132
151.0369885569815
148.93165316240095
146.8173541822116
144.69415157209616
142.56210449895147
141.40206501118158
140.23729590238509
139.0772564146152
137.92197777793965
136.77149163356842
135.62583004188747
134.48502549069698
134.48502549069698
134.48502549069698
134.48502549069698
134.48502549069698
134.48502549069698
134.48502549069698
134.48502549069698
134.48502549069698
134.48502549069698
134.48502549069698
134.48502549069698
134.48502549069698
134.48502549069698
134.48502549069698
134.48502549069698
134.48502549069698
134.48502549069698
134.48502549069698
134.48502549069698
134.48502549069698
134.48502549069698
134.48502549069698
134.48502549069698
134.48502549069698
134.71158929351645
135.171592894729
135.67654413802836
136.227722233349
136.82621488940424
137.47292573143602
138.16858426715055
138.91375763595414
139.70886346274455
140.85446865114264
142.06834067117006
143.35054632475286
144.70102106472643
146.11958507760798
147.60595821793072
149.15977371582707
150.78059063588535
152.65330472581928
154.59920508521253
156.61762500036014
158.7078577490335
160.86916431901707
163.1007801697076
165.4019211306853
167.7717885270522
169.96823168903936
172.22513435656475
174.5417595634223
176.91737021117032
179.3512312255531
181.84261138397397
184.3907848556796
186.9950324915739
188.9717070786709
190.98900605674305
193.04641407523243
195.1434231662397
197.27953308277978
199.45425155868165
201.66709450110807
203.917586125265
205.22076088768378
206.54485455851287
207.88961050330798
209.25477688410876
210.64010663151305
212.04535740447173
213.47029153984087
214.9146759934543
217.38096021702214
219.87925716057327
222.4091967753341
224.97041630220198
227.56256013321305
230.18527966972198
232.83823317833983
235.52108564552432
238.2335086315846
240.9751801247487
243.74578439584138
246.54501185403453
249.37255890405638
252.22812780518134
255.11142653226565
258.02216863904516
259.9860248201567
261.96785353620845
263.9674739669732
265.949302683025
267.9131588641365
269.8588582248705
271.78621292834174
273.6950314981869
274.5028757287996
275.3026289114236
276.09420430738237
276.87751346503927
277.6524661790014
278.4189704489068
279.17693243790507
279.94343670781046
279.5515559440557
279.15544946500444
278.7551628860313
278.35074093566527
277.94222747621967
277.5378055258536
277.1375189468805
276.74141246782926
275.2377634139241
273.7505069665406
272.27982519832506
270.8259038261801
269.3889322921985
267.9691038442719
266.5666156159525
265.1467871680259
262.6873178210873
260.1988377342609
257.681671149892
255.13613593442315
252.56254371691685
249.96120002751886
247.33240443534223
244.6764506853338
241.17234923148547
237.6335210666566
234.06032808959296
230.45312528528783
226.812260891374
223.13807656132545
219.43090752433747
215.69108274178654
211.9189250602009
208.11475136069717
204.2788727048591
200.41159447705348
196.5132165231923
192.58403328596435
188.62433393656923
184.63440250299683
181.3974401446448
178.13657916890972
174.85203645389075
171.54402512241793
168.21275463212808
164.85843086305795
161.4812562028127
158.08142962936887
155.58312379544176
153.06856508297662
150.5702592490495
148.08834674638746
145.62297040089763
143.1742754687915
140.74240969534867
138.3275233753639
136.95821625715806
135.59878192094547
134.2493107819683
132.9098948596299
131.5806278171875
130.26160500254827
128.95292349018968
127.65468212422275
127.47658186065921
127.29995366166966
127.12481196987731
126.9511714981069
126.77904723615788
126.60845445774277
126.43940872758958
126.27192590870632
127.25515961618152
128.2473915396829
129.2485311488834
130.25848960611182
131.27717972504246
132.30451593033897
133.34041421825907
134.3847921182214
136.51596617782428
138.6639809392747
140.82867831780848
143.009903040363
145.20750257731044
147.42132707602153
149.6512292962267
151.89706454713848
154.1586906262983
156.43596776010878
158.72875854601216
161.0369278962747
163.36034298333664
165.69887318668685
168.052390041222
170.42076718704945
172.80388032069445
175.20160714767158
177.61382733638186
180.04042247329707
182.4812760193939
184.9078711563091
187.3200913450194
189.71781817199653
193.02552767876375
196.3127839530312
199.5794144642633
202.82524382766107
206.0500937364384
209.25378289214993
212.43612693301432
215.5969383601778
219.5396655323844
223.4548643133247
227.3422867992879
231.20168074862167
235.03278947512257
238.83535173842094
242.60910163129458
242.60910163129458
242.60910163129458
242.60910163129458
242.60910163129458
242.60910163129458
242.60910163129458
242.60910163129458
242.60910163129458
242.60910163129458
242.60910163129458
242.60910163129458
242.60910163129458
242.60910163129458
242.60910163129458
242.60910163129458
242.60910163129458
242.60910163129458
242.60910163129458
242.60910163129458
242.60910163129458
242.60910163129458
243.30177978484141
243.99445793838825
244.6871360919351
245.37981424548192
246.01000894139028
246.64020363729864
247.270398333207
247.90059302911536
248.5307877250237
249.16098242093207
249.79117711684043
250.4213718127488
251.05156650865715
251.6817612045655
252.31195590047386
252.94215059638222
253.57234529229058
254.20253998819894
254.8327346841073
255.46292938001565
256.09312407592404
256.7233187718324
257.35351346774075
257.9837081636491
258.61390285955747
259.3056748247785
260.06077654845274
260.88069816730945
261.7666776278192
262.7197143393038
263.7405852701276
264.8298625571061
265.9879318414771
267.21501069533326
268.5111666474004
269.87633444824564
271.31033232802946
272.81287709332406
274.38359798383397
276.02204926680434
277.7277215888346
279.50005213426385
281.3384336587086
283.2422224779293
285.2107454978918
287.2433063732474
289.339190879765
291.49767158250137
293.71801187645633
295.9994694707004
298.34129938089205
300.74275648901556
303.2030977232641
305.7215839053955
308.297481307674
310.9300629567168
313.6186097172073
316.3624111844999
319.1607664116192
322.01298449301146
324.9183850246184
327.876298457376
330.88606635906797
333.9470415975487
337.05858845667257
340.22008269479534
343.430911554425
346.69047373047414
349.99817930358233
353.35344964411996
356.7557172917352
360.20442581465534
363.69902965238333
367.23899394493674
370.8237943513446
374.4529168597424
377.48909070251955
380.5610778192927
383.6684779383006
386.8108986587274
389.9879552796987
393.1992706293511
396.44447489461635
399.7232054522624
402.15908504558774
404.619104946417
407.10301358047894
409.6105641796041
412.14151466605756
414.69562753908866
417.2726697637906
419.87241266233696
421.4393376762518
422.99232090281777
424.5312206492752
426.055892507487
427.5661892863614
429.06196094287105
430.54305451172314
432.0093140337537
432.34590731376767
432.67898562821097
433.0085106199931
433.3344431687678
433.6567433732781
433.9753705336276
434.29028313354354
434.60143882271177
433.768486921821
432.9459529862365
432.1339588500239
431.33262879141034
430.54208957495786
429.76247049124055
428.99390339339527
428.23652272981394
426.434088512875
424.65934883020475
422.91264765998403
421.1379079773138
419.33547376037484
417.50568255841443
415.64886552917625
413.765347492789
412.9433559388347
412.1327189852463
411.33357373106026
410.5460599738227
409.770320238691
409.00649980162643
408.25474670550375
407.51521176778124
407.9115526781807
408.301065139312
408.68366244561093
409.0592564275926
409.4277574863334
409.78907464002185
410.143115584543
410.4897867703498
411.86367522345057
413.2069426540026
414.5191977187547
415.8000461673572
417.04909167277697
418.2659368166086
419.45018425174356
420.60143806763983
422.4057306065248
424.15550947593727
425.8501598187861
427.48908216944557
429.07169707874266
430.71061942940213
432.40526977225096
434.1550486416634
436.3710792175607
438.6532943013945
441.00091506246224
443.4131566581875
445.88923139818274
448.42835145072314
451.02973114759135
453.69258893733246
456.5075486160632
459.3844532577105
462.3225169858965
465.3209634651853
468.3790266955525
471.49595165031366
474.6709947788956
477.9034243931433
481.19252095347485
484.53757726910874
487.93789862475256
491.3928028445337
494.9016203025458
498.46369388815447
502.07837893313206
505.7450431067518
509.4630662841562
513.2318403926002
517.0507692395491
520.9192683260695
524.8367646484812
528.8026964908278
532.8165132103655
536.8776750179616
540.952477036177
545.0732023381266
549.2393464571054
553.4504147993656
557.7059224209095
562.005393805929
566.3483626474865
570.7343716309306
575.1629722204532
579.6337244491226
584.1461967126579
588.6999655671572
593.2946155309429
597.9297388906465
602.6049355116166
607.3198126527088
612.0739847854834
616.8670734178198
621.6987069219355
626.5685203667805
631.4761553547665
636.4212598627784
641.4034880874044
646.3485925954162
650.9453835382325
655.5067485116399
660.0323518185478
664.5218516422259
668.9748998933746
673.3911420531362
677.7702170120056
682.1117569046179
685.8578477308514
689.5706075417362
693.2496975884858
696.8947726305859
700.5054807742359
704.0814633074341
707.622354531838
711.1277815915752
713.8039191958087
716.4521105156098
719.0720505869216
721.7202419067227
724.3963795109562
727.100164364619
729.8313032238394
732.589508499675
734.378737422382
736.1849963143482
738.0081108002045
739.8479098015116
741.7042254567028
743.5768930427382
745.4657508985069
747.3706403499988
748.1940126787325
749.0241249335724
749.860912752517
750.7043129333686
751.5542634054553
752.4107032020971
753.2735724338007
754.142812262174
753.8931916826056
753.6453708815751
753.3993663415099
753.1551948372711
752.9128734433896
752.6724195415027
752.4338508279965
752.1971853218557
750.8549363042371
749.5237814713702
748.2038296697914
746.8951917824054
745.5979807795311
744.3123117711928
743.0383020606467
741.7760711991306
739.4838001993397
737.2135748777433
734.965627399244
732.7401944727283
730.537517461545
728.3578424956116
726.2014205849345
724.0685077342902
721.0666795813238
718.0310206298614
714.9619025108067
711.8596895818463
708.7247390918817
705.5574013442488
702.3580198582858
699.1269315288873
695.1820250842284
691.1995708251839
687.1799532159824
683.1235494517546
679.0307296350448
674.901856948548
670.7372878239928
666.5373721071242
661.8772289392901
657.1789389701868
652.4428664774682
647.7445765083648
643.0844333405308
638.4628079801939
633.8800783307355
629.3366293655874
624.6753277208705
620.0555002218355
615.4775683772896
610.9419617737676
606.4491182765609
601.9994842349231
597.5935146912874
593.1438806496496
588.7795777307425
584.3737351610932
579.9267782786353
575.4391243794017
570.9111829128021
566.3433556727236
561.7360369843692
557.0896138867795
552.4044663110096
547.6809672539539
542.9194829478303
538.1203730253523
533.2839906806289
528.4106828258459
523.5007902437874
518.5546477362678
513.5003240574651
508.48366129491694
503.5050102559914
498.5647280577629
493.6631782840206
488.80073114655806
483.9777636508067
479.1946597658664
474.5628344326335
469.9707106054052
465.41868470682726
460.9071606679561
456.436550116091
452.00727256689106
447.61975562069165
443.27443516289935
439.3589040952498
435.4825894366172
431.6459115997119
427.84929929977153
424.09318975229513
420.37802887279713
416.7042714780465
413.07238148815134
410.14563128270925
407.25379723910254
404.39728086887885
404.39728086887885
404.39728086887885
404.39728086887885
404.39728086887885
404.39728086887885
404.39728086887885
404.39728086887885
404.39728086887885
404.39728086887885
404.39728086887885
404.39728086887885
404.39728086887885
404.39728086887885
404.39728086887885
404.39728086887885
404.39728086887885
404.39728086887885
404.39728086887885
404.39728086887885
404.39728086887885
404.39728086887885
404.39728086887885
404.56760105597226
404.73792124306567
404.9082414301591
405.0785616172525
405.2488818043459
405.4192019914393
405.5895221785327
406.0040009275722
406.45897901708486
406.9556090583373
407.4948711135412
408.0775793794961
408.70439116723327
409.3758174884731
410.0922346373245
410.8538962498445
411.66094542309406
412.51342657068363
413.41129677809266
414.35443649538485
415.3426594663787
416.37572184220573
417.4533304646471
418.5751503322156
419.7408112813214
420.9499139276247
422.20203492031027
423.4967315657547
424.83354587795645
426.21200811198156
427.6316398342169
429.0919565799075
430.59247014466524
432.13269055264624
433.71212774008916
435.3302929890233
436.9867001422736
438.6808666274603
440.4123143145386
442.1805702285558
443.9851671367174
445.8256440265342
447.70154648975506
449.61242702495736
451.5578452700431
453.5373681744597
455.55057011970547
458.3974812383529
461.2900917326026
464.2278409597274
467.2101787553825
470.2365653725988
473.30647139395126
476.41937762135024
479.57477494730927
482.77216421102014
486.011056042115
489.29097069460016
492.61143787310203
495.97199655326875
499.3721947979086
502.8115895702222
506.28974654528747
509.029950835236
511.74028173777555
514.4204074492552
517.0699895248415
519.6886827310279
522.3382648066142
525.0183905180938
527.7287214206334
529.4834255523446
531.2570509498485
533.0117550815596
534.7473296335869
536.4635621337292
538.1602358570692
539.8371297315276
541.4940182437955
542.0331014488693
542.5654421876354
543.0909616095641
543.6095792822741
544.1212131642377
544.6257795791022
545.1231931920341
545.6133669885614
544.9616147191289
544.3198766712368
543.6882772258793
543.0669430951693
542.4560033203788
541.8555892600644
541.2658345665353
540.6868751486614
539.0830730895051
537.5105370510087
535.9067349918523
534.2720628859779
532.6069106886774
530.9116621339947
529.1866945846514
527.4323789270372
524.7738493736528
522.0726443957303
519.3292875379811
516.5442925600938
513.7181634937043
510.8513947244159
507.9444710947149
504.9978680241849
501.4215837815455
497.7988788608081
494.13028985851963
490.4163428006954
486.6575533437004
482.8544269798985
479.0074592465528
475.1171359366797
471.18393331075225
467.20831830831264
463.19074875869916
459.1316735902185
455.03153303720217
450.89075884448124
446.7097744688942
442.4889952775147
437.9442388166613
433.35789031099665
428.7303682147355
424.0620831582061
419.3534381387977
414.60482870749644
409.816643150981
404.98926266926975
400.1171091710305
395.2064555399421
390.25766317925707
385.27108706429607
380.24707589851516
375.1859722653877
370.088112776178
364.95382821368764
360.09695253236515
355.27509520020084
350.48857691631684
345.73772406972887
341.02286888013407
336.3443495426134
331.7025103763211
327.09770197722844
323.01283023419535
318.9617214674877
314.9447069301997
310.9621240727137
307.0143166980483
303.10163512099484
299.22443633101784
295.3830841588709
292.29855130574015
289.2436836268696
286.21879352871974
283.2241995322407
280.26022642153504
277.32720539470984
274.42547421663295
271.55537737325045
269.648428609562
267.7632120909157
265.8999734560162
264.05896327832943
262.24043716963484
260.444655881966
258.67188540718786
256.92239707333323
256.2768861145371
255.64029193710402
254.99478097830786
254.34045880973918
253.6774289403855
253.0057928490298
252.32565001868687
251.6370979726341
250.9402323116541
250.23514675216123
249.52193316493097
248.80068161419155
248.07148039687291
247.3344160818389
246.58957354895523
245.83703602786935
243.96759420839246
242.0796256520003
240.17332343205518
238.2488769334253
236.30647194125478
234.3462907280322
232.3685121388866
230.37331167505909
227.38669374438192
224.3747270289363
221.33765781272788
218.2757278848075
215.18917464913676
212.07823123165787
208.94312658459467
205.7840855880182
203.5884925235565
201.40982017915877
199.24822889585707
197.103881937644
194.97694556451728
192.86758910746357
190.7759850454
188.70230908408615
187.71355442233997
186.73359725065353
185.7625269794169
184.8004347324665
183.84741338972756
182.90355763074223
181.9689639790486
181.04373084736523
181.26399958282474
181.4819681029579
181.69761130664617
181.9109035932917
182.1218188512638
182.33033044629718
182.53641120988485
182.74003342771783
184.06208302259932
185.40047830213186
186.75503343920641
188.12556626951556
189.51189821627202
190.91385421422314
192.33126263335936
193.76395520265547
196.24730335511356
198.75630704399921
201.290694150784
203.8501978044865
206.43455625711593
209.04351276114315
209.44215473921014
209.84079671727713
210.42609178355744
211.01138684983775
211.59668191611806
212.18197698239837
212.76727204867868
212.76727204867868
212.76727204867868
212.76727204867868
212.76727204867868
212.76727204867868
212.76727204867868
212.76727204867868
212.76727204867868
212.76727204867868
212.76727204867868
212.76727204867868
212.76727204867868
212.76727204867868
212.76727204867868
212.9185713110702
213.0698705734617
213.22116983585323
213.37246909824475
213.52376836063627
213.6750676230278
213.8263668854193
213.97766614781082
214.12896541020234
214.28026467259386
214.43156393498538
214.5828631973769
214.7341624597684
215.1328044378354
215.5314464159024
215.93008839396938
216.32873037203638
216.72737235010337
217.12601432817036
217.52465630623735
217.92329828430434
218.50859335058465
219.09388841686496
219.67918348314527
220.26447854942558
220.84977361570589
221.4350686819862
222.0203637482665
222.6056588145468
223.28850110091224
223.97134338727767
224.6541856736431
225.33702796000853
226.01987024637396
226.70271253273938
227.3855548191048
228.06839710547024
228.7448300638024
229.42126302213455
230.0976959804667
230.77412893879887
231.45056189713102
232.12699485546318
232.80342781379534
233.4798607721275
234.04690361640033
234.61394646067316
235.180989304946
235.80343875635205
236.48287168698053
237.22062890686183
238.01782430776984
238.8753571481529
239.97113080079703
241.14032987920692
242.38336831965518
243.70047965780174
245.09173637704913
246.5570684405228
248.0962807416769
249.70906930878743
251.4110110278807
253.1863414573906
255.03450869162376
256.9549028962938
258.94686609673676
261.0097008341822
263.142677783118
265.3450424242614
267.2916009547008
269.2962958754536
271.3584430625892
273.47735311135443
275.65233411548235
277.88269404455554
280.1677427685788
282.50679377371614
284.13622804602755
285.80151904706435
287.5022118737196
289.23785714564315
291.008011465119
292.8122377863288
294.6501057063805
296.52119168892085
297.37568746756784
298.2447213948532
299.12811298617453
300.02568501462696
300.93726351374283
301.8626777684784
302.8017602962837
303.7543468198482
303.55580498849514
303.3545530657008
303.1506228880494
302.94404566768856
302.7348520029214
302.5230718892884
302.3087347310223
302.09186935277467
300.7248860076384
299.34249667130604
297.9448705784007
296.5321736514415
295.10456857572336
293.6622148736445
292.2052689782817
290.73388430604876
288.2118962560708
285.66590379926805
283.09615272453414
280.50288417361094
277.88633475393334
275.2467366490597
272.58431772663994
269.8993016438889
266.32694165094625
262.7253391858723
259.09477349564963
255.4355187952302
251.74784439021968
248.0320147963442
244.28828985574626
240.5169248501621
236.05693537180605
231.56507850990917
227.0416386811886
222.4868954444376
217.90112361617338
213.28459338307297
208.63757041127803
203.9603159526497
203.3005952519926
202.64087455133551
201.98115385067842
201.32143315002133
200.66171244936425
200.00199174870716
199.34227104805007
198.68255034739298
198.68255034739298
198.15442695612688
197.6263035648608
197.0981801735947
196.5700567823286
196.0419333910625
195.51380999979642
194.98568660853033
194.66956252552504
194.35343844251975
194.03731435951445
193.72119027650916
193.40506619350387
193.08894211049858
192.7728180274933
192.456693944488
191.9285705532219
191.4004471619558
190.87232377068972
190.34420037942363
189.81607698815753
189.28795359689144
188.75983020562535
188.23170681435926
187.57198611370217
186.91226541304508
186.252544712388
185.5928240117309
184.9331033110738
184.27338261041672
183.61366190975963
182.95394120910254
182.26305969534644
181.57217818159035
180.88129666783425
180.19041515407815
179.49953364032206
178.80865212656596
178.11777061280986
177.42688909905377
176.81002721981153
176.1931653405693
175.57630346132706
174.95944158208482
174.28230520305155
173.54317891190857
172.74060409824682
171.87336900641174
171.19445602881885
170.46722011541524
169.69125369416912
168.86628204655392
167.99215018114546
167.06880999263177
166.0963079626291
165.07477357817774
163.60401764579206
162.06652796748176
160.46274084578417
158.79315485788172
157.0583209121341
155.25883340566023
153.3953224044892
151.46844676223174
149.24015327851248
146.94243819153664
144.57609898715742
142.1419432043479
139.64078461555704
137.07343994601737
134.4407260675084
131.74345760855377
129.10697482083995
126.41039097130047
123.65446709361667
120.83995601617335
117.96760142763296
115.03813711587523
112.05228635689558
109.010761433176
106.4583062933826
103.86110467646547
101.2197150084262
98.53468586412347
95.80655591679078
93.03585392970855
90.22309878359992
87.36879953416843
85.33534466298889
83.2734071679639
81.1833242734551
79.06542661530929
76.9200383443478
74.74747723636612
72.54805480722548
70.3754936992438
69.26567847545765
68.17008422091375
67.08887861971908
66.02223271070203
64.97032094094774
63.93332121511437
62.91141493954357
61.904787060023736
62.037602899703934
62.16832042681991
62.296913416690586
62.42335516258575
62.54761847818373
62.66967570244165
62.78949870729271
62.90705890864674
64.09993455059818
65.26878804858873
66.41331055213935
67.53318941508637
68.62810858364423
69.69774906755276
70.7417895069284
71.75990684914902
73.65296070692804
75.59243255890975
77.57773971543544
79.60830378344689
81.59361093997258
83.53308279195429
85.51838994847998
87.54895401649142
90.23898965239047
92.98621179348906
95.78989453112901
98.64932162072837
101.56378707827285
104.42321416787222
107.22689690551216
109.97411904661075
112.07477980801131
114.13020954191052
116.13982816204202
118.1030501925233
120.0192858082565
121.88794207728522
123.70842443488667
125.48013842300305
126.44609345664658
127.38403567982218
128.29363955362453
129.17458545115576
130.02656174660711
130.84926721950916
131.64241381075146
132.4651192836535
132.52024353415868
132.57724216498477
132.63609501343566
132.69678139913177
132.75928025917702
132.82357026515615
132.88962992401764
132.95743766472216
133.0269719123599
133.09821115126897
133.17113397852586
133.2457191490265
133.32194561323936
133.39979254858423
133.4792393852777
133.56026582738346
133.64285186971478
133.72697781115596
133.81262426489798
133.89977216602034
133.9884027767964
134.07849769005003
134.1700388308496
134.26300845678736
135.5043967393031
136.76412019868056
138.04195846666062
139.33769542874896
140.6511191706315
141.9820219182662
143.3301999728497
144.69545364169252
147.10510938103255
149.54385943508552
152.01137583402397
154.50733706701553
157.03142794541805
159.58333946542385
162.16276867076292
164.76941851598048
168.22930212158548
171.72418913186158
175.25371153518034
178.81750838445103
182.4152256281548
186.0465159443903
189.71103857810124
193.40845918161662
197.72274882728374
202.07433794542098
206.46286097961868
210.88795908692347
215.3492799736617
219.84647773536224
224.37921270075245
225.01504823304057
225.70809749338866
226.40114675373675
227.09419601408484
227.78724527443293
228.48029453478102
229.1733437951291
229.8663930554772
230.5594423158253
231.20419483685254
231.84894735787978
232.49369987890702
233.13845239993427
233.13845239993427
233.13845239993427
233.13845239993427
233.13845239993427
233.13845239993427
233.13845239993427
233.13845239993427
233.13845239993427
233.6367504550104
234.13504851008653
234.63334656516267
235.1803340708715
235.67863212594764
236.22561963165649
236.82268228980715
237.47099835886303
238.1715466892057
238.9251175187164
239.73232520011405
240.59362212480113
241.509313221207
242.47957052465864
243.5044474304527
244.5838923455408
245.717761543614
246.9058311022318
248.1478078593995
249.44333937202884
251.188413611491
253.00168591396888
254.8825350074179
256.83030233815805
258.8442992633329
260.92381335165425
263.0681138799399
265.2764566091213
267.7182499286104
270.2272562856495
272.80265639240537
275.4436308140382
278.14936236600255
280.9190381456554
283.75185124448427
286.6470021819977
289.4045872143646
292.21884582023387
295.0890590532527
298.01451826634025
300.9945255835752
304.0283942627724
307.11544896406014
310.2550259378079
312.84834617511245
315.48329507964354
318.1593619483725
320.876045623283
323.6328544357982
326.42930612677293
329.26492774610205
332.139255535455
335.0518347971712
338.00221975193904
340.98997338752235
344.01466730048355
347.075881532583
350.17320440329536
353.3062323396779
356.4745697046477
359.6778286245676
362.9156288169056
366.1875974186156
369.49336881578466
372.8325844750028
376.20489277683606
379.6099488517153
383.0474144184964
386.5169576258984
390.01825289698075
393.5509807767868
397.11482778324586
400.6475556630519
404.14885093413426
407.61839414153627
411.05585970831737
413.61724002116273
416.15398652495327
418.6658397989613
421.1525353450182
423.61380346406537
426.04936913088795
428.4589518672663
430.84226561383184
432.179371336891
433.50123894250623
434.80769619483976
436.0985673979202
437.37367332303427
438.6328311372486
439.87585433358845
441.1025526634889
441.18978755296894
441.2758174211769
441.3606277183047
441.4442036081617
441.52652996508584
441.6075913714828
441.68737211611585
441.7658561932922
440.73027901060107
439.7125435042793
438.71287622248684
437.7315075383805
436.76867156001816
435.82460600872923
434.8995520608162
433.9937541467021
432.1589766664341
430.36509243515474
428.6126240773774
426.9020980999386
425.23404378300927
423.6089918642478
422.02747298609813
420.49001587252263
418.43857543865306
416.44911583291656
414.52233613413256
412.65891792136694
410.8595200154246
409.12477245096227
407.4552695955025
405.851562329974
404.7327587180192
403.66251605384383
402.641098425078
401.6687075466361
400.7454728907587
399.87144093374957
399.04656357579483
398.270685843185
397.92630562845295
397.6048085836858
397.3059326066685
397.0293405570375
396.7746148263973
396.5412527325857
396.32866309157714
396.13616434430503
396.1818358961822
396.2226393353233
396.25882334286814
396.29065651574734
396.31842465084424
396.34242735884095
396.36297410280935
396.38697681080606
396.5435782708127
396.7231049596643
396.92716866040035
397.15728415503116
397.41485390826733
397.70115678592117
398.01734079668825
398.3644196215656
398.9972713689594
399.6844487557287
400.42698930643803
401.225730627354
402.08132389668435
402.99424862304625
403.9648280128683
404.9932444136073
406.3501706025528
407.7793442589464
409.2805750906745
410.85356662679305
412.49793072392015
414.2132007511327
415.99884347400973
417.8542696892933
419.86966875787624
421.95677318207623
424.1148450557124
426.343120982423
428.64081796540853
431.00713852509926
433.4412751288848
435.94241401072804
438.2345844772174
440.5851177229608
442.9932864332873
445.45836710452653
447.97964156793375
450.55639826588884
453.1879333126283
455.8735513679223
458.9361683675439
462.05773474269375
465.2375058355757
468.4747488684762
471.76874323034514
475.11878067732164
478.524165459611
481.984214385511
485.42101809902624
488.9099849299683
492.4504834410551
496.0418942792949
499.68361004705633
503.3750351514671
507.1155856360399
510.90468899789335
514.7417839934748
518.6263204352899
522.5577589817946
526.5355709222995
530.559237958475
534.6282519838118
538.7421148621935
542.9003382065648
547.1024431585248
551.3479601695474
555.6364287844142
559.9673974273478
564.3404231912483
568.7550716303604
573.2109165566361
577.7075398400013
582.244531212688
586.8214880777516
591.4380153218594
596.0937251324035
600.788236818968
605.5211766391574
610.2921776287725
615.1008794363092
619.5608439427102
624.0548600299227
628.5826134384417
633.1437954242305
637.7381026255429
642.3652369333762
647.0249053654762
651.7168199438145
655.8404207875465
659.9916800907231
664.1703589620155
668.3762224794878
672.6090395977207
676.8685830575316
681.1546292982205
685.466958372269
689.0400088935992
692.6343520052236
696.2498150861602
699.8862282292631
703.5016913101997
707.0960344218241
710.6690849431543
714.2206674766371
716.8565583918851
719.4761502670804
722.0793056138278
724.6658846691897
727.2357453417167
729.7887431559267
732.3247311951866
734.8435600429517
736.3278562696551
737.8017890384017
739.265265022282
740.7181892613061
742.1604651222688
743.5919942574839
745.0126765623615
746.4224101318065
746.7191214371744
747.0134656964468
747.3054200879084
747.5949613683038
747.8820658622762
748.166709451536
748.4488675637567
748.7335111530165
747.87327070159
747.0057289981927
746.1309569804099
745.2490242911377
744.3599993102279
743.463949185327
742.560939861919
741.6510361125788
739.6510125914152
737.636222819799
735.6068008003076
733.5628782152487
731.5045844823152
729.4320468087063
727.3453902437511
725.2447377300696
722.1598807597244
719.0549550672214
715.9301312189273
712.785576986067
709.6607531377729
706.5558274452699
703.4709704749247
700.4063556548933
696.536495050262
692.6928189852047
688.8755593730508
685.0849521290621
681.3212372680257
677.5846590046259
673.8754658566614
670.193910751172
665.8789612448386
661.5972656478332
657.349139074768
653.1349023846838
648.9548823246023
644.8094116768907
640.698829410473
640.698829410473
640.698829410473
640.698829410473
640.698829410473
640.698829410473
640.698829410473
640.698829410473
640.698829410473
640.698829410473
640.698829410473
640.698829410473
640.698829410473
640.698829410473
640.698829410473
640.698829410473
640.698829410473
640.698829410473
640.698829410473
640.698829410473
640.698829410473
640.698829410473
640.698829410473
640.0318990158653
639.299801851705
638.5006832716714
637.7930348244728
637.028373940968
636.2058380625438
635.3247566123497
634.3846357971748
633.3851427822494
632.3260897879737
631.2074185324377
630.4750744586185
629.7058064986807
628.8997665716986
628.0571535719803
627.1782066127992
626.263198936715
625.3124324661094
624.3262329571462
623.3049457141448
622.2489318183045
621.1585648239893
620.034227876687
618.8763112087702
617.6852099718869
616.4613223679015
615.2050480435586
613.1324262776545
611.0089834826927
608.8353576200625
606.6121819469938
604.3400838912473
602.019684115797
599.65159574845
597.2364237543972
594.2398252624615
591.1873522035879
588.0797080196794
584.9175844730522
581.701661453938
578.4326068586856
575.2166838395714
572.0545602929442
568.8046179257275
565.6123729543795
562.4785610312169
559.4039297352433
556.3892381837492
553.4352565268164
550.5427653059339
547.712554655224
545.2048503235076
542.755042016279
540.3638657472967
538.0320614072145
535.7603709241357
533.5495360930614
531.4002960271114
529.313384177818
527.8070113725919
526.3480983433749
524.9371611660735
523.5746986845652
522.261187946522
520.9970789932866
519.7827889391584
518.518679985923
517.856371662528
517.1693805206355
516.4579471008325
515.7223229339534
514.9627682396969
514.1795499189828
513.372939809488
512.5432131756792
511.69064740681773
510.8155208986755
509.9181120969776
508.9986986827942
508.05755688219574
507.0949608844343
506.1111823547043
505.1064900291662
504.0811493813859
503.03542235065976
501.9695671238706
500.8838379635613
499.77848507583417
498.6537545124985
497.50988810260105
496.34712340910414
496.312155236414
496.276641390876
496.2416732181859
496.2072574958381
496.1734011283494
496.14011114715174
496.1073947099456
496.07525909941745
497.14196226825925
498.1885212280342
499.2146775864586
500.26123654623353
501.32793971507533
502.4145326281624
503.5207648803407
504.6463902240543
506.7983750884416
508.98591377267803
511.20856741056394
513.4659052097062
515.7575044291983
518.0829503327436
520.4418361211659
522.8337628477267
526.0327290833226
529.274267070479
532.5578806817288
535.8830835468694
539.2493988768108
542.6563592814961
546.1035065835017
549.5903916286909
552.3567383091483
555.1535757854032
557.9199224658606
560.655439689316
563.3597820161256
566.0325970776676
568.6735254264073
571.2822003873515
572.899813258969
574.4966983351839
576.0726112077706
577.627302578824
579.1605181827291
580.6719987142802
582.1614797643874
583.6286917650348
583.9799768802199
584.3257121605916
584.6658282443922
585.0002544948901
585.3289190068807
585.6517486195673
585.9686689369202
586.2796043567712
585.4834821698289
584.7033923010199
583.9395408763729
583.1921365551469
582.4613902708392
581.7475149167426
581.0507249676309
580.3712360280072
578.7524915247551
577.0940551381163
575.3964251242173
573.6600960651746
571.8855579902138
570.0732956451741
568.2237878908318
566.3375072128539
563.6515782619825
560.9155674875502
558.1301054027798
555.2958120521776
552.4132968389922
549.4831584160446
546.505984630637
543.4823525154649
540.4128283185137
537.2979675658489
534.1383151520157
530.9344054534691
527.68676246107
524.395899928217
521.0623215316525
517.6865210423834
513.8174434852843
509.90165047491223
505.93966861790153
501.93201414996406
497.87919315555075
493.78170178839747
489.6400264919766
485.4546442190261
481.09287277466643
476.68697358834964
472.23741060129316
467.7446388486637
463.2091046725875
458.63124593136365
454.0114922046671
449.35026499457416
444.6479779222885
439.90503692047923
435.1218404211758
430.29877953918964
425.4362382510552
420.53459356950384
415.5942157134974
410.61546827386513
405.5987083745962
400.5442868298513
395.45254829676423
390.32383142411
385.15846899692104
379.9567880771385
374.71911014038625
369.44575120895877
364.27545500296407
359.07100836726954
353.83270389164244
348.5608293377396
343.2556677515487
337.91749757268406
332.5465927406268
327.14322279799507
322.0600153858326
316.9469395996118
311.804235726149
306.63214030054286
301.43088619003856
296.2007026755722
290.94181553106597
285.65444710054203
280.8701644466169
276.06063872754794
271.2260611984909
266.366620286715
261.482501652056
256.5738882457414
251.64096036763567
246.68389572195542
242.37768370395187
238.0509056070559
233.70370860503877
229.33623780790398
224.9486363040228
220.5410452011718
216.1136036665059
211.66644896549914
207.9840041989802
204.2855293355279
200.57113302013292
196.84092245041825
193.0950034048587
189.33348027029177
185.55645606874148
181.76403248357533
178.8188088133888
175.86182819486928
172.89316628893388
169.91289779713526
166.9210964795341
163.91783517214031
160.90318580393543
157.87721941348804
155.75278598922023
153.62053422530974
151.4805120095231
149.3482602456126
147.2238268213448
145.10726021406205
142.9986095014991
140.8979243728602
139.76184522254246
138.630145441557
137.5028530388717
136.37999638096798
136.37999638096798
136.37999638096798
136.37999638096798
136.37999638096798
136.37999638096798
136.37999638096798
136.37999638096798
136.37999638096798
136.37999638096798
136.37999638096798
136.37999638096798
136.37999638096798
136.37999638096798
136.37999638096798
136.37999638096798
136.37999638096798
136.37999638096798
136.37999638096798
136.37999638096798
136.37999638096798
136.37999638096798
136.60225523290336
136.82451408483874
137.04677293677412
137.29074903462035
137.55706045121573
137.8462327322065
138.15870248006337
138.84919878297876
139.58884248714375
140.37804811841133
141.21709508243904
142.10614101504902
143.04523484230566
144.03432928954308
145.07329266046807
146.16191977514097
147.29994200947823
148.48703642018117
149.72283396937777
151.0069268845989
152.33887520377718
153.71821256335892
155.14445129173973
156.61708687122047
158.13560183045402
159.69946912663826
161.30815507306082
162.961121863427
164.6578297400052
166.39773884821383
168.18031081599517
170.00501009226585
171.8713050749555
173.7786690556729
175.72658100488005
177.71452621860445
179.74199684516608
181.8084923081184
183.91351963958178
186.77689484781035
189.69046719809802
192.65361024136692
195.6657085796711
198.72615792282807
201.83436509776126
204.98974801776694
208.19173561796788
211.43976776238506
214.73329512733486
218.07177906522685
221.4546914522882
224.88151452326022
228.35174069569644
231.86487238612685
235.42042182003854
238.3204616951804
241.25393241318568
244.22046353694975
247.21969189832336
250.2512614367495
253.2504897981231
256.2170209218872
259.1504916398925
261.1397599213537
263.1519599272717
265.1868375581121
267.24414370044485
269.3236341162585
271.4250693327368
273.5482145328488
275.69283944704557
277.85871824630755
280.04562943674347
282.25335575590503
284.4816840709497
286.73040527875594
288.99931420807127
291.28820952375366
293.59689363314857
294.8630327506148
296.1397241952363
297.40586331270254
298.66134657271493
299.90606850806586
301.1399216660861
302.3627965589078
303.5745816125518
303.65255175204527
303.7297867648719
303.8062789779867
303.88202056890304
303.9570035620308
304.031219824954
304.1046610646535
304.177318823682
303.11539636680897
302.0653084688345
301.02718773429353
300.00116942756034
298.98739153040407
297.9859947990114
296.9722169018551
295.9461985951219
293.8302141565068
291.6898372452657
289.52533814704384
287.33698184376743
285.1250281313808
282.8897317370907
280.63134243574547
278.3501051650374
275.1392666585609
274.6391794593792
274.13909226019746
273.6390050610157
273.138917861834
272.63883066265225
272.1387434634705
271.6386562642888
270.99296151971834
270.3472667751479
269.70157203057744
269.055877286007
268.41018254143654
267.7644877968661
267.11879305229564
266.4730983077252
265.78009718938944
265.0870960710537
264.32638077363197
263.49602415152617
262.59438755809794
261.62010967073684
260.5720914770549
259.4494785745175
258.3522335978881
257.1856934340059
255.94963891931323
254.6440020311348
253.26884849618057
251.8243614138742
250.31082604910623
248.72861587415647
246.92687336694533
245.05121044189087
243.10224600595137
241.08064782266035
238.9871237270737
236.8224138950791
234.58728407114972
232.282519660485
230.07094972017526
227.79599871174412
225.45842718324948
223.05899844240759
220.59847593389674
218.07762100585842
215.49719101710457
212.85793774188227
210.16060603395763
207.4059327162485
204.59464566626497
201.72746307122944
198.80509282996738
195.82823208151777
192.7975668429395
189.71377174101764
187.17967864506656
184.60371876329125
181.98640888734064
179.3282563014653
176.6297588088005
173.89140478656648
171.11367326554122
168.29703402977964
166.33997236175756
164.35686617279228
162.34801898345165
160.31372834500988
158.2542859472141
156.1699777296763
154.06108399590914
151.92787952916427
150.84649649291848
149.75319440488866
148.648103059043
147.53134971701
146.40305916622162
145.26335377746824
144.11235356173583
142.9501762262187
141.7769372294203
140.592749835272
139.39772516621434
138.1919722551978
136.97559809657128
135.74870769583555
134.5114041182474
133.26378853626662
132.0059602758439
130.73801686155335
129.46005406057617
128.17216592554723
126.89420312457007
125.62625971027951
124.36843144985681
123.12081586787602
122.99652399942455
122.87327817434591
122.75108874593865
122.62996626240621
122.50992147173949
122.39096532671462
122.27310899000504
122.1563638394051
123.17149421858046
124.17666306878543
125.17176454573254
126.1566907238931
127.13133154636931
128.09557477413335
129.04930593474785
129.9924082707051
131.9900575690643
133.96441824056714
135.91522476774998
137.84220629435475
139.74508651730872
141.62358358120852
143.47740997623808
145.30627244060307
148.08134523399747
150.89334861709554
153.74185220403672
156.62643407329492
159.54668061486765
162.5021863723246
165.49255388110723
168.5173935042725
172.24589871377722
176.0154996730575
179.82574886493373
183.595349824214
187.32385503371873
191.01080804304175
194.65574326573986
198.25818577643557
202.183685862485
206.15658265049674
210.17634185436305
214.24243971013726
218.35436275316889
222.5116075943415
226.71368069640639
230.960098151252
235.25038545881708
239.58407730823978
243.87436461580486
248.12078207065048
252.32285517271535
256.480100013888
260.59202305691963
264.65812091269385
268.6778801165601
272.6507769045719
276.57627699062135
280.45383534564
284.2828959802355
288.0628917323674
291.79324406193354
295.47336285444385
299.1026462363141
302.68048040471615
306.20623947538843
309.67928535234637
313.09896762404645
316.46462349126324
319.77557773274907
323.03114271567296
326.23061845889964
329.37329275838647
332.45844138536967
335.485328369602
338.45320638172086
341.3613172308949
344.20889249624804
346.99515431323005
349.7041385881156
352.35057983592543
354.93368296703454
357.4526487037443
359.90667556737185
362.29496222302
364.61671023293286
366.8711272753672
369.05743089225894
371.17485283551355
373.222644088276
375.2000806437334
377.10647012942195
378.94115936904166
380.70354297560027
382.39307306824685
384.0092701990367
385.55173556339537
387.0201645471669
388.4143616314557
389.7342566313669
390.97992218349395
392.15159231706497
393.24968184319016
394.2748061750677
395.2278010508868
396.10974147521017
396.92195903268004
397.66605657384844
398.34391914599377
398.9577199659283
399.5099202337784
400.0032616924515
400.44075106684096
400.8256358773613
401.16137160360586
401.45158074343453
401.7000049168306
401.9104517329012
402.0867385980702
402.2326359286138
402.35181229889196
402.44778389791475
402.52387030585163
402.5831580923887
402.6284731514072
402.66236209525266
402.6870825007837
402.7046013734732
402.7166008979004
402.72449037514644
402.72942319621
402.732317742249
402.73388121016194
402.7346355094444
402.73494454078104
402.73504233078876
402.7350616481085
402.73506285545216
402.73506285545216
402.73506285545216
402.73506285545216
402.73506285545216
402.73506285545216
402.73506285545216
402.73506285545216
402.73506285545216
402.73506285545216
402.73506285545216
402.73506285545216
402.73506285545216
402.73506285545216
402.73506285545216
402.73506285545216
402.73506285545216
402.73506285545216
402.73506285545216
402.73506285545216
402.73506285545216
402.73506285545216
402.73506285545216
402.73506285545216
402.73506285545216
402.73506285545216
402.73506285545216
402.73506285545216
402.73506285545216
402.73506285545216
402.73506285545216
402.73506285545216
402.73506285545216
402.73506285545216
402.73506285545216
402.73506285545216
402.73506285545216
402.73506285545216
402.73506285545216
402.73506285545216
402.73506285545216
402.73506285545216
402.73506285545216
402.73506285545216
402.73506285545216
402.73506285545216
402.73506285545216
402.73506285545216
402.73506285545216
402.73506285545216
402.73506285545216
402.73506285545216
402.73506285545216
402.73506285545216
402.73506285545216
402.73506285545216
402.73506285545216
402.73506285545216
402.73506285545216
402.73506285545216
402.73506285545216
402.73506285545216
402.73506285545216
402.73506285545216
402.73506285545216
402.73506285545216
402.73506285545216
402.73506285545216
402.73506285545216
402.73506285545216
402.73506285545216
402.73506285545216
402.73506285545216
402.73506285545216
402.73506285545216
402.73506285545216
402.73506285545216
402.73506285545216
402.73506285545216
402.73506285545216
402.73506285545216
402.73506285545216
402.73506285545216
402.73506285545216
402.73506285545216
402.73506285545216
402.73506285545216
402.73506285545216
402.73506285545216
402.73506285545216
402.73506285545216
402.73506285545216
402.73506285545216
402.73506285545216
402.73506285545216
402.73506285545216
402.73506285545216
402.73506285545216
402.73506285545216
402.73506285545216
402.73506285545216
402.73506285545216
402.73506285545216
402.73506285545216
402.73506285545216
402.73506285545216
402.73506285545216
402.73506285545216
402.73506285545216
402.73506285545216
402.73506285545216
402.73506285545216
402.73506285545216
402.73506285545216
402.73506285545216
402.73506285545216
402.73506285545216
402.73506285545216
402.73506285545216
402.73506285545216
402.73506285545216
402.73506285545216
402.73506285545216
402.73506285545216
402.73506285545216
402.73506285545216
402.73506285545216
402.73506285545216
402.73506285545216
402.73506285545216
402.73506285545216
402.73506285545216
402.73506285545216
402.73506285545216
402.73506285545216
402.73506285545216
402.73506285545216
402.73506285545216
402.73506285545216
402.73506285545216
402.73506285545216
402.73506285545216
402.73506285545216
402.73506285545216
402.73506285545216
402.73506285545216
402.73506285545216
402.73506285545216
402.73506285545216