95.0
95.0
95.0
95.0
95.0
95.0
95.0
95.0
95.0
95.0
95.0
95.0
95.0
95.0
95.0
95.0
95.0
95.0
95.0
95.0
95.0
95.0
95.0
95.0
95.0
95.0
95.0
95.0
95.0
95.0
95.0
95.0
95.0
95.0
95.0
95.0
95.0
95.0
95.0
95.0
95.0
95.0
95.0
95.0
95.0
95.0
95.0
95.0
95.0
95.0
95.0
95.0
95.0
95.0
95.0
95.0
95.0
95.0
95.0
95.0
95.0
95.0
95.0
95.0
95.0
95.0
95.0
95.0
95.0
95.0
95.0
95.0
95.0
95.0
95.0
95.0
95.0
95.0
95.0
95.0
95.0
95.0
95.0
95.0
95.0
95.0
95.0
95.0
95.0
95.0
95.0
95.0
95.0
95.0
95.0
95.0
95.0
95.0
95.0
95.0
95.0
95.0
96.13024790552566
97.24601302116332
98.347124575593
99.43340838100991
100.50468677860347
101.56077858833315
102.60149906400576
103.62665985481706
105.65211398801064
107.64556865588317
109.60662392956458
111.53487252888995
113.4298998598792
115.29128408900887
117.11859626059638
118.91140046455982
121.43431719720671
123.90642740248263
126.42934413512953
129.0024228766303
131.6250283415232
134.29653490043802
136.91914036533092
139.4922191068317
142.442091795738
145.33255991311393
148.1628596998876
150.93221801060528
153.63985327307498
156.40921158379265
159.23951137056633
162.12997948794225
165.07985217684856
168.0883758461951
171.154807700467
174.2784162343519
177.45848161278852
180.69429595248593
183.98516351890743
187.33040085090676
190.7293368236232
194.18131265885728
197.6856818909385
201.24181029504024
204.84907578397363
208.50686827868827
212.2145895570062
215.97165308450442
219.36061735668503
222.79250522226906
226.2668245949809
229.78309308913478
233.34083782725415
236.93959524465
240.5789108921711
244.17766830956697
248.15349307713876
252.0829676172035
255.965563483197
259.8007416030108
263.5879520640047
267.32663390300326
271.0162149031271
274.65611139961277
277.8132188027996
280.92557062323414
283.9926224052684
287.0138190702973
289.98859482643223
292.9163731057612
295.79656653447626
298.6285769419546
300.6742422741731
302.6835901739108
302.6835901739108
302.6835901739108
302.6835901739108
302.6835901739108
302.6835901739108
302.6835901739108
302.6835901739108
302.6835901739108
302.6835901739108
302.6835901739108
302.6835901739108
302.6835901739108
302.8799921725264
303.076394171142
303.2727961697576
303.4691981683732
303.66560016698884
303.86200216560445
304.05840416422006
304.2548061628357
304.4512081614513
304.6476101600669
305.08344693192464
305.5192837037824
305.9551204756401
306.39095724749785
306.8267940193556
307.2626307912133
307.69846756307106
308.1343043349288
308.74322368238353
309.35214302983826
309.961062377293
310.5699817247477
311.17890107220245
311.7878204196572
312.3967397671119
313.00565911456664
313.61457846202137
314.2234978094761
314.83241715693083
315.44133650438556
316.0502558518403
316.659175199295
317.26809454674975
317.8770138942045
318.3128506660622
318.74868743791995
319.1845242097777
319.62036098163543
320.05619775349317
320.5346207902803
321.05684209713536
321.6238922387171
321.90001029859013
322.1970269445646
322.5151843210772
322.85466073622024
323.2155763762003
323.59799904798894
324.0019497971087
324.42740828838527
325.41914784257966
326.4582937832382
327.54458969599995
328.6777273162503
329.85735437992975
331.0830816489785
332.3544891588466
333.67113174351965
335.57319750279646
337.5371392019558
339.56226672894906
341.64787720700826
343.79325889888946
345.9976945733762
348.2604643967693
350.58084840620836
352.9581286159618
355.3915908024163
357.8805260084559
360.424231803291
363.0220133295852
365.6731841659263
368.3770670292815
371.1329943390418
373.13971327607555
375.1073113531593
377.035285916607
378.9231275305754
380.7703204983994
382.5763435026853
384.34067038244814
386.0627710681093
386.86688373643284
387.65026640047284
388.412663255423
389.15381942131216
389.8734819705431
390.5714011242353
391.2473316396623
391.90103441315824
391.73835034655787
391.5703740183857
391.39716445406395
391.21878177078383
391.0352868435748
390.846741017367
390.65320585968124
390.45474294908576
390.25141369504445
390.04327918524643
389.8304000569363
389.61283638916063
389.3906476132071
389.1638924388369
388.93262879420405
388.6969137776121
389.602390251615
390.5242325230549
391.4622353896283
392.41619717073144
393.3859197435899
394.3712085614909
395.37187265679074
396.3877246310209
397.4185806341074
398.4642603344536
399.52458688140064
400.59938686137804
401.68849024887993
402.79173035324675
403.88083374074864
404.95563372072604
404.8856011932781
404.81653606185506
404.7484500071025
404.68135493957533
404.6132688848228
404.54420375339976
404.4741712259518
404.4031827561115
404.3312495737363
404.2583826884233
404.18644950604806
404.11546103620776
404.0454285087598
403.9763633773368
403.90827732258424
403.84118225505705
404.8984904038156
405.939552935129
406.96416807135114
407.97213025316825
408.96323014277675
409.9372546431475
410.89398693620086
411.8332065431407
413.7361815752008
415.60205822823843
417.4303598348955
419.22060329628243
420.9722995763614
422.6849543089481
424.3580685346722
425.9911395876374
428.23716529573977
430.4252885178051
432.5547947467823
434.7429179688476
436.98894367695
439.2921572358327
441.65184597273765
444.0673009491859
446.75432297770953
449.3770356568528
451.9346274527171
454.4262845966697
456.851193466068
459.3428506100206
461.9004424058849
464.5231550850282
467.1284356592431
469.7952865152952
472.5229307013573
475.31059841785645
478.1575281650278
481.0629676881041
484.02617474714185
487.04641773516204
490.1229761653268
493.2551410452633
496.4422151543427
499.68351323769684
502.97836212897715
506.32610081230234
509.72608043247766
513.1776642613771
516.6802276273378
520.2331578135086
523.8358539303013
527.4877267664032
531.1881986222068
534.9367031289895
538.7326850567179
542.5756001129552
546.6148576628665
550.7017603888665
554.8357757783863
559.0163817901855
563.2430666268534
567.5153285074066
571.8326754408375
576.1946250013352
580.4668508157994
584.6962877078778
588.8824769663502
593.0249508211302
597.1232322275185
601.1768346482513
605.1852618339291
609.1480076025225
612.6303937208413
616.071234934831
619.4700535070209
622.8263620928246
626.1396635544304
629.409450780748
632.6352065153226
635.8164031944326
638.2291424724293
640.6067645181049
642.9488390266514
645.2549273881712
647.5245826390407
649.7573494387525
651.9527640769551
654.1103545161253
655.2760424309002
656.4203927921025
657.5431326119702
658.643984689393
659.7226677944993
660.7788969028661
661.8123834872014
662.8228358754697
662.770590853013
662.7195962272285
662.6698677771483
662.6214213252554
662.5742726911942
662.5284376374151
662.4839318056282
662.4407706428191
661.5737324964429
660.7352066005454
659.9254894201403
659.1448644666641
658.393599201579
657.6719415176667
656.980115760197
656.318318252656
655.6867122968268
655.0854226255688
654.514529299609
653.9132396283509
653.2816336725217
652.6198361649807
651.928010407511
651.2063527235987
650.4550874585136
649.6744625050375
648.8647453246323
648.0262194287349
647.1591812823586
646.2639375915845
645.3408029372667
644.3900977189326
643.4121463750708
642.4072758485444
641.3758142685322
640.3180898230903
639.23442979902
638.1251597681971
636.9906029018165
635.8310793961105
634.6469059950264
633.4383955970779
632.2058569351375
630.949594319322
629.6699074343535
628.3670911838592
627.0414355750387
625.693225637963
625.4520489353288
625.2070008000221
624.9581287270152
624.7054793236016
624.4566072505946
624.211559115288
623.9703824126537
623.7331255278033
624.6191451955428
625.4898998724802
626.3451957284224
627.1848356605831
628.0086193706677
628.816343468937
629.6078016096438
630.382784662879
632.1136235579505
633.8058857718405
635.4590782862703
637.072704420568
638.7258969349978
640.4181591488878
642.1489980439593
643.9179251404285
646.4733349387856
649.0812632282631
651.7410437728128
654.4520198805565
657.2135448410767
660.0249822614107
662.8857063149368
665.7951019155233
668.7525648277183
671.757501722353
674.8093301857155
677.9074786893742
680.9593071527366
683.9642440473714
686.9217069595663
689.8311025601529
693.0845216916323
696.2818885537029
699.4224914117593
702.5056065144012
705.5304983764837
708.4964201612341
711.40261417757
714.2483125111067
717.0248171403308
719.8624205048563
722.7603474641305
725.7178322882044
728.7341194413486
731.8084642112675
734.940133205002
738.1284047299591
740.9470100863887
743.8135703943213
746.7274903145177
749.6881852534478
752.695081372329
755.7476155573944
758.8452353574506
761.9873988939785
765.1735747483307
768.4032418299693
771.6758892291531
774.9910160570229
778.3481312756255
781.7467535200713
785.1864109147072
788.6666408849284
792.6534359329229
796.685162420374
800.7613267759738
804.8814450881371
809.0450428866146
813.2516549257184
817.5008249697391
821.7921055810391
826.2855199425896
830.8217028439705
835.315117205521
839.7653166212741
844.1718459909785
848.5342413070583
852.8520294380476
857.1247279088352
861.1872678624121
865.2055184794814
869.1789878384757
873.1071741718213
876.9895656472733
880.8256401501277
884.614865067452
888.3566970756733
891.5752473316693
891.5752473316693
891.5752473316693
891.5752473316693
891.5752473316693
891.5752473316693
891.5752473316693
891.5752473316693
892.0005425408048
892.4258377499402
892.8511329590757
893.2764281682112
893.7017233773466
894.1270185864821
894.5523137956176
894.977609004753
895.4029042138885
895.828199423024
896.2534946321595
896.6787898412949
897.1040850504304
897.5293802595659
897.9546754687013
898.3799706778368
898.8052658869723
899.2305610961077
899.6558563052432
900.0811515143787
900.5064467235142
900.9317419326496
901.3570371417851
901.7823323509206
902.207627560056
902.6329227691915
903.058217978327
903.4835131874624
903.9088083965979
904.3756598387521
904.8009550478876
905.2678064900417
905.9895782174001
906.6508155455924
907.253193609338
907.7986436232951
908.2893527165774
908.891730780323
909.5529681085153
910.2747398358737
910.962494154595
911.6502484733163
912.3380027920376
913.025757110759
913.7135114294803
914.4012657482016
915.0890200669229
915.7767743856442
916.4452005988243
917.1789397402341
917.9798506158704
918.6482768290505
919.3820159704603
920.1829268460966
921.052589993621
921.992318461012
923.0031722879567
924.0859755785375
925.2413351789362
926.469660125779
927.7711811904305
929.1459699983278
930.5939573416028
932.1149504231307
933.4199395981753
934.7841410559136
936.2071676688312
937.6885770536531
939.2278803940982
940.82455028668
942.4780276791935
944.1877279764578
945.9530463890763
947.7733625994974
949.6480448164104
951.5764532841331
953.5579433086436
955.5918678566397
957.6775797787205
959.8144337026571
961.1848635970374
962.5865337074334
964.019048452538
965.4820165161138
966.9750513327036
968.4977714832245
970.0498010126158
971.6307696801878
973.2403131519767
974.8780731432323
976.5436975181184
978.2368403527953
979.9571619672533
981.7043289305644
983.4780140436067
985.2778963027818
986.0078804767636
986.7480895467761
987.4984024536058
988.2587005032315
989.028867329673
989.8087888555021
990.5983532505271
991.3974508890856
991.0373049397773
990.6730073294032
990.3046040612694
989.9321402359758
989.5556600714549
989.175206922927
988.7908233027086
988.4025508998197
988.0104305993473
987.6145025015273
987.2148059405168
986.8113795028305
986.4042610454246
985.9934877134123
985.5790959574002
985.1611215504388
984.7395996045799
984.3145645870416
983.8860503359771
983.4540900758503
983.0187164324207
982.5799614473392
982.1378565923632
981.6924327831924
980.1364106167416
978.5690879650692
976.9905665264231
975.4009462500891
973.800325378189
972.188800486321
970.5664665230723
968.9334168484303
966.2735504762237
963.5966381452087
960.9028235783221
958.1922481595119
955.4650509876826
952.7213689291331
949.9613366685302
947.1850867584614
943.5024957746812
939.7988580677014
936.0743403892617
932.3291069230149
928.5633193413092
924.7771368604073
920.9707162941921
917.1442121064043
912.5546535356556
907.9414916716366
903.3049027648444
898.6450604944408
894.0084715876486
889.3953097236297
884.7587208168375
880.0988785464339
874.8267585720864
869.5288421665747
864.2053165370343
858.856366230858
853.4821731906303
848.0829168076165
842.6587739738526
837.209919132878
831.3138313416359
825.3914912422654
819.4430791512088
813.4687729521711
807.4687481440983
801.4431778879413
795.3922330522394
789.3160822575601
782.9551076097875
776.5681985005065
770.2072238527339
763.8723549138033
757.5637651855108
751.2816304681666
745.0261289057701
745.0261289057701
745.0261289057701
745.0261289057701
745.0261289057701
745.0261289057701
745.0261289057701
745.0261289057701
745.0261289057701
745.0261289057701
745.0261289057701
745.0261289057701
745.0261289057701
745.0261289057701
745.0261289057701
745.0261289057701
745.0261289057701
745.0261289057701
745.0261289057701
745.0261289057701
745.0261289057701
745.0261289057701
745.0261289057701
745.0261289057701
745.0261289057701
744.3710549731715
743.8525477882746
743.2833764883475
742.6620991726304
741.9874897968458
741.2585298120538
740.4743969312416
739.6344518858116
738.7382239370359
738.1814153883146
737.5914265119985
736.968224839761
736.3118417440271
735.6223646211229
734.8999296326093
734.1447150428655
733.3569351636014
733.2449686047934
733.1286263568252
733.0079482814353
732.8829766324075
732.7537555940914
732.6203308771385
732.4827493658347
732.3410588116658
731.2735022557417
730.1765600354753
729.0505903450226
727.8959514428112
726.7130006034362
725.5020932294366
724.2635821027067
722.997816757596
720.7984326099651
718.5538469698371
716.2646332517006
713.9313566555904
711.5545737907208
709.1348323863033
706.6726710773357
704.1686192547157
701.0040722875797
697.7887271695934
694.5232070955698
691.2081236128444
687.8440766890882
684.4316548099397
680.971435101509
677.4639834734733
674.5158626736765
671.5294748466088
668.5052623372669
665.4436587767974
662.3450892480942
659.2099704553259
656.0387108961435
652.8317110354985
649.5893634801615
646.3120531531652
643.0001574675179
639.6540464986356
636.2740831550293
632.8606233468646
629.414016152075
625.9346039797719
621.7984388997548
617.6244210624258
613.412931301329
609.2389134639999
605.1027483839829
601.0048241930554
596.9455365028579
592.9252885902979
588.5932495526997
584.3045985030502
580.059800574748
575.8593300868864
571.7036707630209
567.5933159521717
563.5287688514693
559.4184140406201
555.2093184617686
550.9548355069174
546.655455119664
542.3116577182145
537.9239144169649
533.5801170155154
529.2807366282619
525.0262536734108
521.0754188695247
517.1676556056394
513.3034422772591
509.4832668551647
505.7076270980661
501.9770307644021
498.2919958221768
494.5613994885128
491.3565042801907
488.1138056402577
484.8337260837331
481.5166798172993
478.1630729198083
474.7733035227114
471.34776198973316
467.8868310952204
465.2146695122791
462.5160259954651
459.79117652192633
457.0403917965137
454.26393737866834
451.46207380687645
448.63505672059046
445.78313697954263
442.9065607803975
440.00556977070926
437.08040116016633
434.1312878291187
431.15845843439536
428.1621375124293
425.14254557971543
422.09989923063415
418.2167609618307
414.3049533340857
410.3647365196081
406.39636618569494
402.4000936027892
398.3761657495581
394.3248254150637
390.24631129809507
385.5213527042943
380.7656556087939
376.04069701499316
371.3467425562306
366.6840623541576
362.0529311267753
357.4536282995723
352.8864381198464
347.94290422111493
343.0350134822046
338.163092324273
333.32747295989236
328.5284935363496
323.76649828293046
319.04183766226225
314.3548685257824
309.53419878408283
304.75337366140684
300.01278407866187
295.31282827034585
290.65391196787766
286.03644858739904
281.4608594220172
276.9275738384334
272.45567892176473
267.94285876402597
263.3895251107731
258.79608200910815
254.16292599556544
249.49044627965708
244.77902492304887
240.02903701435977
235.61393085380624
231.163936183729
226.67938050483733
222.16058549290065
217.60786714017527
213.02153589303862
208.40189678590045
203.74924957146473
199.0638888474196
194.34610417963518
189.59618022195116
184.81439683263756
180.001029187612
175.1563478904982
170.28061907960935
165.37410453194002
160.43706176424945
155.4697441313181
150.47240092145802
145.4452774493564
140.38861514633027
135.36149167422866
130.36414846436858
125.39683083143724
121.02502601916589
116.68025427617893
112.36274363635417
108.07272590605395
103.8104367536354
99.57611580153652
95.37000672101105
91.1923573295864
87.79788239494565
84.42710791688306
81.08024732709089
77.75751779199457
74.45914030453767
71.18533977855475
67.93634514578802
67.93634514578802
67.93634514578802
67.93634514578802
67.93634514578802
67.93634514578802
67.93634514578802
67.93634514578802
67.93634514578802
67.93634514578802
67.93634514578802
67.93634514578802
67.93634514578802
67.93634514578802
67.93634514578802
67.93634514578802
67.93634514578802
67.93634514578802
67.93634514578802
67.93634514578802
67.93634514578802
67.93634514578802
67.96184003776955
67.98733492975107
68.0128298217326
68.03832471371412
68.32695537592305
68.61558603813198
68.90421670034091
69.19284736254984
69.48147802475877
69.7701086869677
70.05873934917663
70.34737001138556
70.6360006735945
70.92463133580343
71.21326199801236
71.50189266022129
71.79052332243022
72.07915398463915
72.36778464684808
72.65641530905701
72.94504597126594
73.23367663347487
73.5223072956838
73.81093795789273
74.09956862010166
74.41640181739085
74.76224019393422
75.13776623588055
75.54354692564318
75.98003999505679
76.44760129747115
76.94649287290177
77.47689134594833
78.03889636514414
78.63253885880546
79.25778894253766
79.91456336532399
80.60273242390427
81.32212630918575
82.07254087451174
82.85374283481931
83.66547441920379
84.5074575083003
85.37939729320378
86.28098549525353
87.21190318663182
88.17182325095047
89.16041252128383
90.17733363079851
91.22224660849204
92.29481024977285
93.39468328882623
94.52152539700602
95.67499802892794
96.85476513555246
98.06049376134975
99.29185454064279
100.5485221064226
101.83017542331552
103.13649805494279
104.46717837463535
105.8219097273373
107.20039054953529
108.602324453175
110.0274202787572
111.47539212213145
112.94595933891621
114.43884652995831
115.95378351079454
117.49050526768505
119.04875190244573
120.62826856800775
122.2288053963723
123.85011742040153
125.49196449068982
127.15411118858671
129.81906731604786
132.51545800849848
135.24293193339372
138.00114466679318
140.78975854326484
143.60844250585316
146.45687195667514
149.33472860861858
153.00701197609314
156.71568878845522
160.46037977736393
164.24071292006144
168.05632326499494
171.9068527607819
175.7919500886565
179.71127049850028
184.10215581648833
188.45397303049367
192.76632508472065
197.03880731425974
201.2710072557208
205.46250445393179
209.61287026485908
213.72166765495166
218.02650284615882
222.28638364171087
226.50081947639848
230.66931002340755
234.79134496852464
238.8664037833937
242.89395549867572
246.87345847811764
250.7273716695114
254.53308287723942
258.2900283977881
261.9976332189648
265.6553108247692
269.2624630118131
272.81847972020836
276.3227388823054
279.35971448288575
282.3500267300672
285.2930960446714
288.2834082918529
291.32038389243326
294.4034540995379
297.53206093552853
300.7056571012049
304.356395054822
307.9567034507332
311.50597338650704
315.00358397473286
318.44890221377125
321.8412828847471
325.18006848000255
328.4645891690308
331.7512023318424
334.98119133434767
338.1538371802453
341.2684087338337
344.32416300594974
347.32034553998375
350.25619091427166
353.13092337954134
355.608730549475
358.03131271984574
360.3979641032867
362.70797366948034
364.96062664281123
367.15520627937485
369.29099596385055
371.36728167176454
372.80210111290205
374.1935698938328
375.54119906451734
376.8445119146022
378.10304765132753
379.4063605014124
380.75398967209696
382.1454584530277
382.7805859057727
383.4346822294322
384.10752420652653
384.79888689653734
385.5085445427468
386.23627134792895
386.981842134932
387.7450329064924
387.423941237248
387.09578374333324
386.7606500666566
386.41862876082786
386.06980720053605
385.71427150878327
385.35210649953564
384.98339563365863
384.6082209862765
384.22666322393314
383.8388015901412
383.44471389808973
383.0444765294412
382.638164438289
382.2258511594687
381.8076088205244
381.3835081567237
380.95361852859554
380.51800794153905
380.0767430671089
379.62988926564026
379.1775106099209
378.7196699096596
378.25642873653544
378.9571697892369
379.6658082391723
380.38225733353045
381.10643201734626
381.8382488951159
382.5776261926951
383.32448371958316
384.07874283167683
384.840326394565
385.60915874742057
386.3851656675361
387.1682743355392
387.958413301316
388.7555124506637
389.5595029726866
390.3703173279455
391.18788921736535
392.0121535519025
392.84304642296877
393.6805050736089
394.52446787042277
395.3748742762242
396.23166482342543
397.08207122922687
398.9969256377271
400.8970228874742
402.78222313938005
404.65238400513914
406.5073604835239
408.34700489498863
410.1711668145661
411.97969300304555
414.75492837983154
417.50547097226433
420.2310698233704
422.9314691668767
425.60640830752277
428.25562149888543
430.8788378188157
433.4757810426155
436.86446641939705
440.2177645405899
443.5352892424787
446.88858736367155
450.2772727404531
453.7009667168302
457.15929796988644
460.651902337315
464.77393734043306
468.9352060763048
473.13530681803746
477.3738454342232
481.65043520450126
485.964696639066
490.3162573021999
494.70475163988374
499.4579226309901
504.2500019265555
509.08061797705545
513.9494059282878
518.8560074581361
523.8000706176149
528.7812496761323
533.7992049709038
538.9227993106357
544.0094522445532
549.0588254621221
554.0705746504499
559.0443493457672
563.9797927807781
568.8765417278059
573.7342263376613
578.3676855246102
582.9628474570369
587.5193363954348
592.03676957073
596.5147570080703
600.9529013463165
605.3507976532657
609.7080332366587
613.5730049530234
617.4008057054413
621.1910440433453
624.9433208546102
628.6572291792745
632.3323540205213
635.9682721532712
639.5645519308207
642.4078031069662
645.2830979087666
648.1900843373896
651.1284172829995
654.0977583690112
657.0977757974933
660.128144196135
663.1885444671213
665.340340425773
667.5126172846398
669.7051653331531
671.9177788257601
674.1502558856431
676.4023984104982
678.674011980416
680.9649057678902
682.2113575791166
683.4680125424399
684.7347732242565
685.9914281875798
687.2378799988062
688.4740294246358
689.6997753869821
690.9150149167272
691.0010082415522
691.0862364368162
691.1706917263771
691.254366185072
691.3372517350087
691.41934014178
691.5006230106037
691.582711417375
690.5124905351269
689.4320832376616
688.3415938269826
687.2411246330466
686.1307760616496
685.0106466412889
683.8808330689799
682.7414302550144
681.5925313666534
680.4342278707525
679.2666095753234
678.0897646700374
676.9037797656817
675.7087399325808
674.504728737998
673.2918282825347
673.1893574382517
673.0876501275551
672.9867134626778
672.886554683775
672.7871811621075
672.6886004033115
672.5908200507569
672.493847888994
673.5185714061711
674.5345115466137
675.5415806076173
676.5396892253519
677.5287463333061
678.5086591197845
679.4793329844756
680.4406714941173
682.4625001175373
684.4640789059059
686.4451907743792
688.4056143510093
690.3451238746427
692.2634890917749
694.160475152638
696.0358425068525
698.8205284855226
701.5719931301303
704.2898544184673
704.2898544184673
704.2898544184673
704.2898544184673
704.2898544184673
704.2898544184673
704.2898544184673
704.2898544184673
704.2898544184673
704.2898544184673
704.2898544184673
704.2898544184673
704.2898544184673
704.2898544184673
704.2898544184673
704.2898544184673
704.2898544184673
704.2898544184673
704.2898544184673
704.2898544184673
704.2898544184673
704.2898544184673
704.2898544184673
704.961750279287
705.6336461401067
706.3055420009265
706.9774378617462
707.649333722566
708.3212295833857
708.9931254442055
709.5486975641979
710.1585554696429
710.8242441340436
711.5470772441498
712.32814615879
713.1683319452903
714.0683195696846
715.0286134209585
716.0495534758232
717.1313315432379
718.274007155721
719.4775227901517
720.7417182004095
722.0663437265496
723.4510725107218
724.8955116002512
726.3992119552611
727.9616774041843
729.5823726076222
731.2607301012342
732.9961564933559
734.7880378942415
736.6357446523361
738.5386354696786
740.4960609640952
742.5073667407648
744.5718960303863
746.6889919458129
748.8579994038112
751.0782667536681
753.3491471497719
755.6699997010675
758.0401904264455
760.4590930416522
762.9260896002024
765.440571008009
768.0019374289773
770.6095985966463
773.2629740450352
775.9614932701706
777.8608929256242
779.7907822502862
781.7507871950351
783.7405407017075
785.7596826623953
787.8078598608467
789.8847258989371
791.9899411107814
794.1231724667109
796.2840934690341
798.4723840412411
800.687730412078
802.9298249957237
805.19836626912
807.4930586473649
809.8136123579391
813.0325153658372
816.2163262687637
819.3646552987826
822.4771048865971
825.5532694882935
828.665719076108
831.8140481061268
834.9978590090534
838.8437749643316
842.7311620694699
846.5770780247481
850.3810662530698
854.1426610632599
857.8613874431488
861.5367608525673
865.1682870171715
869.0741601659057
872.9311814530735
876.7387795750908
880.4963717672271
884.2033636058449
887.8591488223452
891.4631091317751
895.014614079527
898.4855230216057
901.9031011925881
905.2666862010634
908.5756032412415
911.8291651033861
915.0266722370542
918.167412876416
921.2506632383195
923.8776855368344
926.4534942002311
929.0805164987461
931.7581038284142
934.485617443798
937.2624287898436
940.0879197477013
942.9614828067304
945.1166724926737
947.3064578575292
949.5304144793978
951.788125868803
954.0791834225072
956.4031863570201
958.7597416251685
961.1484638186422
962.5570677862155
963.9839556336233
965.428916009649
966.8917417265297
968.372229680834
969.870180772462
971.3853998223656
972.917695489498
974.4668801874296
976.0327700009998
977.6151846033164
979.2139471733688
980.8288843144737
982.4598259737382
984.1066053626906
985.7690588792042
986.3256389550008
986.8873126598298
987.4540287470994
988.0257369283813
988.602387850026
989.1839330703185
989.7703250371773
990.361517066399
989.8163697735718
989.2669146847762
988.7131922375736
988.155242150301
987.5931034395339
987.0268144370806
986.456412806516
985.8819355592664
984.2313938275751
982.5927525953927
980.9661208478609
979.3516095037528
977.7493314633174
976.159401657455
974.5819370982471
973.0170569308643
970.4510484925715
967.9062490634235
965.3828667278567
962.8811134632803
960.4012052376613
957.9433621094907
955.5078083301125
953.0947724483875
949.8270255514051
946.5907058707153
943.3861443689924
940.2136784865867
937.0736522990176
933.9664166767857
930.8923294472028
927.8517555578752
924.1831596516379
920.5563723281548
916.9718661481804
913.4301231659833
909.9316351285603
906.4769036717502
903.0664405118011
899.7007676307034
896.0147300124978
892.3796095647753
888.6935719465697
884.9572199994734
881.1711447870722
877.3359257799484
873.4521310523232
869.5203174878004
865.5410309920321
861.5148067104317
857.4421692493281
853.3236328991898
849.1597018587462
844.9508704590143
840.6976233863869
836.4004359040754
832.4099018786848
828.3798204476088
824.3106037476758
820.2026560422076
816.0563739105102
811.8721464337306
807.6503553769311
803.3913753672688
799.7057305742385
795.9888040375236
792.240899684638
788.4623158960833
784.6533456409287
780.8142766089406
776.945391339296
773.0469673459191
768.5774566933982
764.1423911025776
759.7420969754497
755.3769066642004
751.0471586199038
746.7531975451648
742.495374550747
738.2740473162117
733.7180082367229
729.2025067244024
724.7279547694507
720.2947722573823
715.903387165516
711.554235763546
707.2477628180344
702.9844218006148
698.672069456037
694.4047500070038
690.1829548753553
686.0071852615821
681.8779523710141
677.7957776409602
673.7611929679441
669.7747409340305
666.0600887801041
662.2995090505925
658.4935238764908
654.6426450971732
650.7473744719154
646.8082038933971
642.8256156020633
638.8000824003931
635.2676776934987
631.6987796187515
628.0937752474404
624.4530441865528
620.776958755948
617.065884162647
616.4988413183742
615.9317984741014
615.5604728766722
615.189147279243
614.8178216818138
614.4464960843846
614.0751704869555
614.0751704869555
614.0751704869555
614.0751704869555
614.0751704869555
614.0751704869555
614.0751704869555
614.0751704869555
614.0751704869555
614.0751704869555
614.0751704869555
614.0751704869555
614.0751704869555
614.0751704869555
614.0751704869555
613.3987375286233
612.7223045702912
612.045871611959
611.3694386536268
610.6930056952947
610.0165727369625
609.3401397786304
608.6637068202982
607.9872738619661
607.3108409036339
606.6344079453017
605.9579749869696
605.2815420286374
604.7144991843646
604.1474563400918
603.580413495819
603.0133706515462
602.4463278072734
601.8792849630006
601.3122421187278
600.745199274455
600.3738736770258
600.0025480795966
599.6312224821675
599.2598968847383
598.8885712873091
598.5172456898799
598.1459200924508
597.7745944950216
597.6555171005697
597.5364397061178
597.4173623116659
597.298284917214
597.1792075227621
597.0601301283102
596.9410527338583
596.8219753394064
596.9732746017979
597.1245738641894
597.2758731265809
597.4271723889724
597.5784716513639
597.7297709137554
597.8810701761469
598.0323694385384
598.4310114166053
598.8296533946723
599.2282953727392
599.6658892566254
600.1435436176057
600.6622010708072
601.2226447034774
601.8255067115256
602.0706008385207
602.3321181936011
602.6101513628125
602.9047525815947
603.2159380624713
603.543692140139
603.8879711746833
604.2487071760736
603.9519142130935
603.6423233660439
603.3200308789527
602.9851430977204
602.6377747632032
602.2780475016899
601.9060884965483
601.5220293245598
600.2870846771704
599.0152568727049
597.7069799362249
596.362691243076
594.9828297556256
593.5678345150053
592.1181433566719
590.634191821902
588.3164252665399
585.9476547964838
583.5285274824533
581.0596825393982
578.5417506723514
575.9753535511762
573.3611033965958
570.6996026621187
567.501361088457
564.248705540448
560.942311543206
557.5828424288029
554.1709493260134
550.7072711940502
547.1924348934173
543.6270552879173
539.8901931200076
536.1023228692701
532.26404374911
528.3759432200801
524.4385971892342
520.4525702187085
516.4184157413188
512.3366762812758
508.43457350908824
504.4884937849001
500.4989201949862
496.46632637110247
492.3911767042326
488.2739265567584
484.11502247248393
479.9149023840405
476.19575073607695
472.4412000190332
468.6516126954389
464.82734437471385
460.96874397957833
457.0761539089046
453.1499101969357
449.19034266882653
445.94861156596767
442.6803444388504
439.385794689604
436.0652111540514
432.71883821303885
429.3469159008457
425.949680010717
422.527362197566
419.99319108163286
417.44091288197194
414.87068920448684
412.28267889480315
409.6770381039799
407.05392035239555
404.4134765918553
401.755855265965
401.5432015308868
401.33054779580857
401.11789406073035
400.90524032565213
400.6925865905739
400.4799328554957
400.26727912041747
400.05462538533925
400.05462538533925
399.60569476985864
399.15676415437804
398.70783353889743
398.2589029234168
397.8099723079362
397.3610416924556
396.912111076975
396.29524919773274
395.6783873184905
395.0615254392482
394.44466356000595
393.8278016807637
393.2109398015214
392.59407792227915
391.9772160430369
391.5282854275563
391.0793548120757
390.6304241965951
390.18149358111447
389.73256296563386
389.28363235015325
388.83470173467265
388.38577111919204
388.1731173841138
387.9604636490356
387.7478099139574
387.53515617887916
387.32250244380094
387.1098487087227
386.8971949736445
386.6845412385663
386.7405389873452
386.7965367361241
386.852534484903
386.9085322336819
386.9645299824608
387.0205277312397
387.07652548001863
387.13252322879754
387.44864731180286
387.7647713948082
388.0808954778135
388.3970195608188
388.74403260230287
389.122813702052
389.53411035621326
389.9785435549273
390.7772189219816
391.63274154305753
392.54559088717804
393.51609013408387
394.544421616175
395.63064192469204
396.77469637851516
397.97643264868196
398.7301530293629
399.51807254755875
400.33996761068886
401.19558271219665
402.084635527293
403.00682144444244
403.96181757281255
404.94928626875816
405.12989526787374
405.31613106901193
405.5079290338642
405.70522370929035
405.9079491369108
406.1160391190151
406.32942744601485
406.54804809014325
405.6982067683257
404.8289925281403
403.94065068045074
403.0334238912333
402.107551880375
401.16327117635404
400.20081491925794
399.2204127055358
397.2031071577757
395.1504367116724
393.0628427132278
390.9407587226986
388.78461047469835
386.59481587161537
384.3717850052648
382.11592020236304
379.03624260510253
375.91342793122857
372.74798690872757
369.54042028724723
366.2912189948315
363.00086430451597
359.66982800863417
356.3794733183186
352.64740820087127
348.9631650830756
345.32730784979543
341.74041166708685
338.20306316222553
334.7158605895467
331.279413978779
327.89434526203394
324.4195750207636
320.9997015001901
317.6354107987609
314.3274016264462
311.07638524044046
307.88308531774527
304.7482377537908
301.6725903746353
298.90045986442504
296.1841545516223
293.52439217561755
290.9218992966143
288.377410393808
285.89166677048433
283.4654152367101
281.0994065363171
279.2573793824072
277.3701854175267
275.43839162510795
273.46256080779614
271.53076701537736
269.6435730504969
267.71177925807814
265.7359484407663
264.6645120518298
263.57029838001665
262.45359655344896
261.3146918510643
260.1538654650346
259.01496076264993
257.89825893608224
256.8040452642691
254.8111850023701
252.86123462814484
250.9547444593266
249.09226992668368
247.27437058700914
245.50160894451864
243.77454905240484
242.09375486266916
239.92505051156866
237.81923884370127
235.7770507395074
233.7992038061426
231.88639768719682
230.0393086648156
228.25858347205008
226.41149444966885
224.31825481367548
222.15383911370435
219.91901299018232
217.61456174159122
215.24128519175625
212.79999324709505
210.2915020657756
207.7166307674062
205.07619861857168
202.3710226360245
199.6019155554939
196.76968411980937
193.87512764530453
190.91903683026138
187.90219277347964
184.82536617493233
181.68931669392364
178.49479244323226
175.24252960043452
171.93325211999365
168.56767153180382
165.14648681372427
161.67038432725627
158.14003780693199
154.77664474683027
151.363574718224
147.9014247825514
144.3907804761839
140.83221595560687
137.22629415973375
133.57356698610658
129.87457547818073
126.69230882622419
123.47161931329168
120.21294006658385
116.91669568335055
113.5833024115598
110.21316833129389
106.80669353606797
103.3642703133899
100.70695241474797
98.02275061353916
95.31194755623325
92.57482046347525
89.81164125985724
87.02267670137742
84.20818850045549
81.36843344840345
79.49583085659447
77.607038556964
75.70221521801516
73.78151659429847
71.8450955976721
69.89310236678281
67.92568433477898
67.64970210745615
67.63805150021142
67.62640089296669
67.61475028572195
67.60309967847722
67.59144907123249
67.57979846398776
67.56814785674302
67.55649724949829
67.81095196167166
68.06540667384503
68.3198613860184
68.57431609819177
68.57431609819177
68.57431609819177
68.57431609819177
68.57431609819177
68.57431609819177
68.57431609819177
68.57431609819177
68.57431609819177
69.05613770649254
69.5379593147933
70.01978092309406
70.54868204369103
71.0305036519918
71.55940477258876
72.13672528844452
72.76360449838245
73.44098888666099
74.16964256159437
74.95015956205572
75.78297732092459
76.66839068403627
77.6065659982931
78.59755489345257
79.64130748241332
80.73768479124077
81.88647030158948
83.08738054499648
84.3400747320609
85.02877675158311
85.7443934677207
86.4866796924455
87.25537552435095
88.05020918719097
88.87089951649936
89.71715812882525
90.5886913066075
90.54764317833467
90.50546515533858
90.46217101037873
90.41777451868583
90.37228941766175
90.32572937272677
90.27810794853595
90.22943858487452
91.29726714854534
92.38704160323344
93.49848354901921
94.6313185742034
95.78527643803771
96.96009121112648
98.15550137942871
99.37124991702996
101.60447899515918
103.87355646131111
106.17804252527499
108.51750561649543
110.89152233621643
113.2996773885826
115.74156349418737
118.21678128909022
120.72493921191632
123.26565338129748
125.83854746560311
128.44325254664096
131.0794069787728
133.74665624468642
136.44465280888744
139.17305596982072
141.93153171139642
144.7197525545797
147.53739740960134
150.3841514292588
153.2597058637012
156.1637579170251
159.09601060595043
162.05617262079767
165.04395818894227
168.05908694088717
171.10128377906122
174.17027874942417
177.21247558759822
180.22760433954312
183.21538990768772
186.17555192253496
189.8676845850689
193.52430854529976
197.14504985807872
200.7295272593184
204.27735198804555
207.7881276058344
211.2614498139596
214.69690626868092
218.60934767986606
222.47720156091944
226.29996394075448
230.07712072375233
233.80814747730628
237.49250922267248
241.12966023066974
244.71904382402803
248.46015967291723
252.14959752684135
255.7867334093425
259.37093106228275
262.90154181339483
266.3779044707252
269.79934524931554
273.1651777362935
276.30945700154854
279.3995643383337
282.434811888039
285.4145001783771
288.337918396939
291.2043447604916
294.0130469956129
296.7632829485324
298.92214594808553
301.0328925285511
303.09490775174896
305.1075721114226
307.0702628381137
308.98235544743363
310.84322556702625
312.6522510818877
313.70380732899343
314.72359256976233
315.7112484605215
316.66642562786836
317.5887863641504
318.47800771732466
319.3337850181104
320.155835888198
321.47225913166557
322.73154387495447
323.9333793833737
325.07752831213895
326.1638383197088
327.1922547204478
328.16283411026984
329.07575883663173
330.14449327353253
331.1422130855486
332.0697316691853
332.9280952910434
333.7185999386804
334.44280561384613
335.102546971087
335.6999391308836
336.2627404518286
336.7655530015203
337.2114412274794
337.6037149955018
337.9458961229295
338.24167665176157
338.49487003300766
338.7906505618397
339.0961582966326
339.4463899741891
339.8444899597365
340.29341338294364
340.7958962580013
341.35443347478713
341.97126463908853
342.64836730197806
343.1862162227788
343.77023549331824
344.4013068864123
345.0801422680365
345.80729506242926
346.5831727950391
347.40805015299384
348.282082110003
348.7193268699638
349.17985206096023
349.6635963648231
350.17046424918834
350.70033064191773
351.2530451796918
351.8284360374266
352.4263133550994
352.262762916093
352.0933935588519
351.9182651647574
351.73743968372884
351.5509806562692
351.3589527981639
351.1614216410067
350.95845322223636
349.78350018257066
348.5786307270492
347.3442176728754
346.08063188375667
344.78824148874867
343.4674112280839
342.11850190944637
340.74186996013
340.4355950583228
340.12342496485314
339.8054341487106
339.4816958908253
339.1522822554084
338.8172640698991
338.476710912276
338.1306911046543
338.94332271841347
339.76828829181267
340.60543852162124
341.4546269619368
342.3157099936998
343.1885467890837
344.0729992716833
344.9689320732961
345.87621248798615
346.79471042402037
347.72429835418853
348.6648512649443
349.61624660474166
350.5783642318888
351.5510863621916
352.53429751661946
353.5278844691905
354.531736195241
355.54574382021826
356.5698005691117
357.60380171661797
358.6476445381172
359.7012282615229
360.7644540200549
361.8372248059741
362.919445425306
364.0110224535748
365.11186419255995
366.2218806280817
367.3409833888185
368.4690857061521
369.6061023750349
371.8210224592262
374.0528533350011
376.30143893392267
378.56662592666123
380.84826365685547
383.14620407677626
385.46030168475454
387.79041346433405
391.078966835237
394.38957770478913
397.722055558216
401.0762130463165
404.4518659113942
407.84883291525955
411.2669357692465
414.7059990661854
418.95165041409166
423.22260252786833
427.5186502918863
431.8395918152127
436.13563957923066
440.40659169300733
444.65224304091356
448.87238520808
453.67922393854207
458.4563395660709
463.20348136536575
467.92039446324543
472.6068197402306
477.2624937292945
481.8871485117009
486.4805116098485
491.46693541331274
496.41854366411866
501.3350228348751
506.21605391193367
511.06131226055845
515.8704674862937
520.6431832924483
525.3791173336174
530.2726873681166
535.1272184255573
539.942334114274
544.7176510902699
549.4527788830305
554.1473197168772
558.8008683278474
563.495409161694
568.160583388876
572.8653530715656
577.6093335077946
582.3921470168304
587.2134227675629
592.0727966112581
596.9699109186384
601.9044144212336
606.5473223504118
611.2245090471074
615.9356634341638
620.6804798207609
625.4586577732158
630.2699019893444
635.1139221763
639.9904329318065
644.3551119836359
648.7481857169826
653.1694128021983
657.6185558644036
662.0397829496193
666.432856682966
670.7975357347954
675.1335747263926
678.7172664112933
682.2767098541173
685.8116902910899
689.32198925244
692.8073844720226
696.2676497943705
699.7025550791094
703.1118661026787
705.5974978403873
708.0639736245193
710.5111119329318
712.9387279343971
715.3466334059088
717.7346366477932
720.1025423966029
720.1025423966029
720.1025423966029
720.1025423966029
720.1025423966029
720.1025423966029
720.1025423966029
720.1025423966029
720.1025423966029
720.1025423966029
720.1025423966029
720.1025423966029
720.1025423966029
720.1025423966029
720.1025423966029
720.1025423966029
720.1025423966029
720.1025423966029
720.1025423966029
720.1025423966029
720.1025423966029
720.1025423966029
720.1025423966029
719.9137121483196
719.7064310131464
719.4801738788254
718.9211345739229
718.3170556834896
717.667255789839
716.9712051400725
716.2285136396245
715.438918350423
714.602270927372
713.7185253280071
712.4076885917148
711.030761081835
709.5880147212392
708.0798055146732
706.5065614555816
704.8687716260749
703.1669764428283
701.4017589830617
699.5737373136141
697.6835577406661
695.7318888963548
693.7194165801544
691.6468392764903
689.514864274894
687.3242043245372
685.0755747608112
683.4382122598072
681.7607013590274
680.0435460452933
678.2872465891601
676.492298655927
674.6591925667399
672.7884126899945
670.8804369456541
669.9519843190477
669.0062197674125
668.0433612420303
667.0636230754321
666.0672159217557
665.0543467190081
664.0579395653317
663.0782013987335
663.2279462599191
663.37503264672
663.519426663103
663.6610938634991
663.7999992706995
663.9361073991464
664.0693822844861
664.1997875203732
665.3765163535671
666.5260777410297
667.648126311658
668.7423148751332
669.808295285073
670.8457194575526
671.8542405671078
672.8335144449484
674.4854080346879
676.0852570711218
677.6324956236391
679.1265766583313
680.5669770430834
681.9532032610141
683.2847979031504
684.6710241210811
686.5044393528578
688.4061820596154
690.3755863720598
692.411955997472
694.5145705904442
696.682691310478
698.9155656510454
701.2124316195087
703.5725213413311
705.9950641557335
708.4792892636552
711.0244279827687
713.6297156585055
716.2943932746595
719.0177088021712
721.7989183201921
724.6372869394538
727.5320895543236
730.4826114466757
733.4881487618213
736.5480088741916
739.6615106582158
742.8279846778589
746.0467733065472
749.5239050992445
753.0552969879603
756.5324287806577
759.9546265433054
763.321203711164
766.6314610994006
769.8846869674303
773.0801571464203
776.0303725879272
778.924874539138
781.7629483561599
784.6574503073707
787.6076657488776
790.6128908990964
793.6724332043967
796.7856116099515
799.3748101778899
802.0067859516356
804.6810109015754
807.3969667122389
810.1541447554437
812.9520460338953
815.7901810999856
818.6680699539056
820.7064708949296
822.7719988176254
824.8643375865227
826.9831772835399
829.1282140957393
831.2991501993047
833.4956936407667
835.7175582163495
838.8528208066881
842.0226404003439
845.1579029906825
848.2582247531408
851.323214180754
854.3524719135413
857.3455905685752
860.3021545716266
863.8438107476821
867.3400847894267
870.7904415812477
874.1943353019042
877.5512092536834
880.8604957050228
884.1216157497436
887.3339791865404
890.793497512079
894.1983600767829
897.5478837937175
900.8413730197817
904.0781196197242
907.2574030930011
910.3784907742705
913.4406381199302
916.3516258090588
919.2039919932481
921.9969829812409
924.7298358191285
927.401779237345
930.0120348004123
932.5598182902345
935.0443413579067
937.13153640806
939.2699098266152
941.4588191664667
943.6976267177453
945.9857006410394
948.3224159092902
950.7071550835873
953.139308945031
954.7602384538604
956.4113918096906
958.0923885045083
959.8028543480594
961.5424215719751
963.3107288956554
965.1074215595157
966.9321513304715
968.7845764838956
970.6643617657256
972.5711783379082
974.5047037099455
976.4646216589349
978.4506221401733
980.4624011901124
982.4996608232095
983.4812415297441
984.4746738952215
985.4798243201195
986.4965618360079
987.5247580498199
988.5642870879002
989.6150255400768
990.6768524039663
990.5926927583785
990.5076816754397
990.4218281068177
990.3351408323393
990.2476284641009
990.1592994505046
990.0701620802178
989.9802244860521
989.889494648759
989.797980400741
989.7056894296771
989.6126292820617
989.5188073666573
989.424230957861
989.3289071989856
989.2328431054547
989.1360455679156
989.0385213552686
988.9402771176149
988.8413193891256
988.7416545908319
988.6412890333388
988.5402289194644
988.4384803468058
987.2297060609758
986.0129476752747
984.788273594872
983.5557510961628
982.3154463530562
981.067424462528
979.8117494694583
978.5484843907753
976.2416821090026
973.92132530784
971.587523031466
969.2403826214982
966.880009755051
964.506508481742
962.1199812596761
959.720528990441
956.376032860315
953.0138903368229
949.6342351186138
946.2371989274772
942.8229115506033
939.391500881705
935.943092961036
932.4778120143385
928.1892570018723
923.8802202387742
919.5508482953504
915.2012856866018
910.8316749141861
906.4421565072879
902.0328690624269
897.6039492822399
892.4873375459612
887.3484526223563
882.1874454693539
877.0044650338223
871.7996582907796
866.5731702816184
861.3251441513773
856.055721185084
850.2405937230114
844.4022530313925
838.540848497142
832.6565276129796
826.7494360127191
820.8197175057035
814.8675141104151
808.8929660872815
802.5154660381789
796.114495514132
789.6901982731094
783.2892277490625
776.91172769996
770.5578436536634
764.2277229403983
757.9215147260077
751.3981773545327
744.8999862095513
738.4271021178397
731.9796879590072
731.9796879590072
731.9796879590072
731.9796879590072
731.9796879590072
731.9796879590072
731.9796879590072
731.9796879590072
731.9796879590072
731.9796879590072
731.9796879590072
731.9796879590072
731.9796879590072
731.9796879590072
731.9796879590072
731.9796879590072
731.9796879590072
731.9796879590072
731.9796879590072
731.9796879590072
731.9796879590072
731.9796879590072
731.3231409183052
730.6665938776032
730.0100468369012
729.2893475997363
728.5026703945391
727.648462772731
726.7254350216294
725.9367525578053
725.09193410405
724.1905061903828
723.2321496806384
722.2166845237315
721.1440548364825
720.0143146158495
718.8276142848783
717.5841881993789
716.2843431808407
714.9284480939706
713.5169244525363
712.0502380128266
710.5288912979775
708.9534169868098
707.3243720961256
705.6423328842775
703.9078904052295
702.1216466454283
700.2842111799713
698.3961982893287
696.4582244828949
694.4709063806863
692.4348589093854
690.350693773568
688.2190181672606
686.040433694947
683.8155354747443
681.544911399731
679.2291415363209
676.8687976411818
674.4644427805027
672.9198938720562
671.3482678481998
669.7499026252631
668.1251301584233
666.4742764111586
664.7976613502079
663.0955989621492
661.3683972882166
659.6163584744271
657.8397788344787
656.038948923219
654.2141536187858
652.3656722117739
650.4937785000117
648.5987408877247
646.6808224880353
643.8003023380378
640.8865763630705
637.9400125068825
634.9609714931936
631.9498069859718
628.970765972283
626.0242021160949
623.1104761411276
619.5397004107957
615.9277617835794
612.275116373146
608.5822113430067
604.8494851052009
601.0773675181483
597.266280083043
593.4166361382585
589.5288410513313
585.6032924081569
581.6403801991077
577.640487001832
573.60398816055
569.5312519616994
565.4226398058239
561.2785063756287
556.665006824365
552.0130571881748
547.3995576369111
542.8248854095201
538.2894248025677
533.7935673471541
529.3377119901418
524.922265279671
520.3865570291
515.8936128432042
511.44387908124037
507.03781079583956
502.6758719460253
498.35853561375706
494.0862842236611
489.85960976553673
485.8154947619243
481.81644926116775
477.8629782605822
473.95559688693754
470.09483061564805
466.281215487931
462.4204492166415
458.5130678429968
455.0158922014979
451.4784021042086
447.90104426347597
444.28425662596965
440.62846856727083
436.934101085647
433.2015669943966
429.4312711122487
426.3496323118121
425.8696679307037
425.3897035495953
424.9097391684869
424.4297747873785
423.9498104062701
423.4698460251617
422.9898816440533
422.7378274618775
422.4857732797017
422.23371909752586
421.98166491535005
421.72961073317424
421.47755655099843
421.2255023688226
420.9734481866468
420.987677167763
421.00190614887924
421.0175254650902
421.03457468533395
421.05308745497047
421.0730917252298
421.0946100614818
421.1176600066671
421.5987746221427
422.1102734527019
422.65225259611066
423.22474187861917
423.8277124807008
424.4610841178151
425.12473170840684
425.81849149417576
425.85548560491105
425.8939974797621
425.93401441107926
425.9755226880698
426.0185077771761
426.06295448080556
426.1088470763808
426.1561694376426
425.29285831839195
424.40480568865956
423.4923084369061
422.55566452885574
421.59517198369736
420.6111280022131
419.6038282279057
418.5735661242803
417.5206324533549
416.44531484221557
415.3478974260084
414.22866055716696
413.08788057193374
411.925829606348
410.74277545485927
409.5389814655962
407.3223713821986
405.0691397793447
402.7797387026132
400.4546118813157
398.09419475148684
395.69891450416895
393.2691901549279
390.80543263107927
387.55606761612495
384.2634601440898
380.9281141587843
377.55052369303144
374.1311730475945
370.6705369761242
367.1690808744956
363.6272609731379
359.5883061336064
355.50483375470907
351.3773286156205
347.20626603725225
342.99211209941626
338.7353238557922
334.43634954621416
330.09562880587714
325.71359287113836
321.29066478165026
316.8272595786184
312.3237844990237
307.7806391656907
303.1982157731159
298.5768992690042
293.9170675314821
289.2190915419836
284.48333555381873
279.710157256453
274.89990793553807
270.1267296381723
265.3909736500075
260.692997660509
256.0331659229869
251.25069397788099
246.50847143240355
241.80689665822993
237.14637552653898
232.52732159587933
227.95015630447864
223.4153091669394
218.92321797523448
214.59014840225237
210.29959947387655
206.0520229849414
201.84787961402978
197.6876391374433
193.57178064587447
189.5007927632927
185.47517386745744
181.90908008115295
178.38455987214866
174.90208722763444
171.46214566532262
168.06522842627993
164.71183866328872
161.40248962307822
158.13770482049333
155.5516974028295
152.93127547209784
150.27684009202204
147.5887844386653
144.86749394283038
142.1133464372498
139.3267123072694
136.50795464391425
134.61565594403868
132.70250024397106
130.76871466855889
128.85555896849127
126.96326026861568
125.09205022758934
123.24216514080987
121.41384604339027
120.69016731583578
119.95775085188734
119.21669514892926
118.46709676455117
117.70905035763393
116.94264872960086
116.1679828656514
115.38514197582212
114.59421353574496
113.79528332699296
113.00435488691579
112.22151399708652
111.44684813313705
110.68044650510399
109.92240009818674
109.17280171380865
108.43174601085057
107.69932954690213
106.97565081934765
106.26081030607125
105.55491050552845
104.85805597588886
104.17035337290481
103.49191148610474
102.82284127284441
102.16325588967459
101.51327072039757
100.87300340008662
100.24257383422841
99.6221042120191
99.01171901269512
98.41154500360872
97.82171122856226
97.2423489846909
96.67359178592632
96.11557531078087
95.56843733185686
95.03231762410374
94.50735784841304
93.99370140664834
94.5722132566589
95.13736885258032
95.68899840059943
96.22693121252713
96.75099613014751
97.26102202595042
97.75683839111916
98.23827602293011
98.70516782507843
99.15734973584162
99.59466180038696
100.01694940485245
100.42406469098786
100.81586817100315
101.19223056266064
101.55303486433446
101.89817868845448
102.22757686908808
102.54116435495368
102.83889939239506
103.12076699321405
103.38678266917654
103.63699639793762
103.87149676367441
104.09041518975143
104.29393015060663
104.48227121674144
104.65572275211545
104.81462705035018
104.95938666903835
105.09046570525508
105.20838975579015
105.31374432819936
105.40717151774948
105.48936484232479
105.56106223012618
105.62303727661454
105.67608901614328
105.72103057524443
105.75867717269682
105.78983399239003
105.815284469562
105.8357794970946
105.8520279814525
105.86468906900127
105.87436623799378
105.88160332525955
105.88688244321875
105.8906236518864
105.89318618690736
105.89487100882366
105.89592442779907
105.89654256692948
105.8968764502684
105.89703753317959
105.89710352776359
105.89712441111784
105.89712853639037
105.89712879422228
105.89712879422228
105.89712879422228
105.89712879422228
105.89712879422228
105.89712879422228
105.89712879422228
105.89712879422228
105.89712879422228
105.89712879422228
105.89712879422228
105.89712879422228
105.89712879422228
105.89712879422228
105.89712879422228
105.89712879422228
105.89712879422228
105.89712879422228
105.89712879422228
105.89712879422228
105.89712879422228
105.89712879422228
105.89712879422228
105.89712879422228
105.89712879422228
105.89712879422228
105.89712879422228
105.89712879422228
105.89712879422228
105.89712879422228
105.89712879422228
105.89712879422228
105.89712879422228
105.89712879422228
105.89712879422228
105.89712879422228
105.89712879422228
105.89712879422228
105.89712879422228
105.89712879422228
105.89712879422228
105.89712879422228
105.89712879422228
105.89712879422228
105.89712879422228
105.89712879422228
105.89712879422228
105.89712879422228
105.89712879422228
105.89712879422228
105.89712879422228
105.89712879422228
105.89712879422228
105.89712879422228
105.89712879422228
105.89712879422228
105.89712879422228
105.89712879422228
105.89712879422228
105.89712879422228
105.89712879422228
105.89712879422228
105.89712879422228
105.89712879422228
105.89712879422228
105.89712879422228
105.89712879422228
105.89712879422228
105.89712879422228
105.89712879422228
105.89712879422228
105.89712879422228
105.89712879422228
105.89712879422228
105.89712879422228
105.89712879422228
105.89712879422228
105.89712879422228
105.89712879422228
105.89712879422228
105.89712879422228
105.89712879422228
105.89712879422228
105.89712879422228
105.89712879422228
105.89712879422228
105.89712879422228
105.89712879422228
105.89712879422228
105.89712879422228
105.89712879422228
105.89712879422228
105.89712879422228
105.89712879422228
105.89712879422228
105.89712879422228
105.89712879422228
105.89712879422228
105.89712879422228
105.89712879422228
105.89712879422228
105.89712879422228
105.89712879422228
105.89712879422228
105.89712879422228
105.89712879422228
105.89712879422228
105.89712879422228
105.89712879422228
105.89712879422228
105.89712879422228
105.89712879422228
105.89712879422228
105.89712879422228
105.89712879422228
105.89712879422228
105.89712879422228
105.89712879422228
105.89712879422228
105.89712879422228
105.89712879422228
105.89712879422228
105.89712879422228
105.89712879422228
105.89712879422228
105.89712879422228
105.89712879422228
105.89712879422228
105.89712879422228
105.89712879422228
105.89712879422228
105.89712879422228
105.89712879422228
105.89712879422228
105.89712879422228
105.89712879422228
105.89712879422228
105.89712879422228
105.89712879422228
105.89712879422228
105.89712879422228
105.89712879422228
105.89712879422228
105.89712879422228
105.89712879422228
105.89712879422228
105.89712879422228
105.89712879422228
105.89712879422228
105.89712879422228
105.89712879422228
105.89712879422228
105.89712879422228
105.89712879422228
105.89712879422228
105.89712879422228
105.89712879422228
105.89712879422228
105.89712879422228
105.89712879422228
105.89712879422228
105.89712879422228
105.89712879422228
105.89712879422228
105.89712879422228
105.89712879422228
105.89712879422228
105.89712879422228
105.89712879422228
105.89712879422228
105.89712879422228
105.89712879422228
105.89712879422228
105.89712879422228
105.89712879422228
105.89712879422228
105.89712879422228
105.89712879422228
105.89712879422228
105.89712879422228
105.89712879422228
105.89712879422228
105.89712879422228
105.89712879422228
105.89712879422228
105.89712879422228
105.89712879422228
105.89712879422228
105.89712879422228
105.89712879422228
105.89712879422228
105.89712879422228
105.89712879422228
105.89712879422228
105.89712879422228
105.89712879422228
105.89712879422228
105.89712879422228
105.89712879422228
105.89712879422228
105.89712879422228
105.89712879422228
105.89712879422228
105.89712879422228
105.89712879422228
105.89712879422228
105.89712879422228
105.89712879422228
105.89712879422228
105.89712879422228
105.89712879422228
105.89712879422228
105.89712879422228
105.89712879422228
105.89712879422228
105.89712879422228
105.89712879422228
105.89712879422228
105.89712879422228
105.89712879422228
105.89712879422228
105.89712879422228
105.89712879422228
105.89712879422228
105.89712879422228
105.89712879422228
105.89712879422228
105.89712879422228
105.89712879422228
105.89712879422228
105.89712879422228
105.89712879422228
105.89712879422228
105.89712879422228
105.89712879422228
105.89712879422228
105.89712879422228
105.89712879422228
105.89712879422228
105.897128794222