180.0
180.0
180.0
180.0
180.0
180.0
180.0
180.0
180.0
180.0
180.0
180.0
180.0
180.0
180.0
180.0
180.0
180.0
180.0
180.0
180.0
180.0
180.0
180.0
180.0
180.0
180.0
180.0
180.0
180.0
180.0
180.0
180.0
180.0
180.0
180.0
180.0
180.0
180.0
180.0
180.0
180.0
180.0
180.0
180.0
180.0
180.0
180.0
180.0
180.0
180.0
180.0
180.0
180.0
180.0
180.0
180.0
180.0
180.0
180.0
180.0
180.0
180.0
180.0
180.0
180.0
180.0
180.0
180.0
180.0
180.0
180.0
180.0
180.0
180.0
180.0
180.0
180.0
180.0
180.0
180.0
180.0
180.0
180.0
180.0
180.0
180.0
180.0
180.0
180.0
180.0
180.0
180.0
180.0
180.0
180.0
180.0
180.0
180.0
180.0
180.0
163.125
163.125
163.125
163.125
163.125
163.125
163.125
163.125
144.375
144.375
144.375
144.375
144.375
144.375
144.375
144.375
123.28125000000003
123.28125000000003
123.28125000000003
123.28125000000003
123.28125000000003
123.28125000000003
123.28125000000003
123.28125000000003
102.18750000000006
102.18750000000006
102.18750000000006
102.18750000000006
102.18750000000006
102.18750000000006
102.18750000000006
102.18750000000006
102.18750000000006
102.18750000000006
102.18750000000006
102.18750000000006
102.18750000000006
102.18750000000006
102.18750000000006
102.18750000000006
102.18750000000006
102.18750000000006
102.18750000000006
102.18750000000006
102.18750000000006
102.18750000000006
102.18750000000006
102.18750000000006
119.49519230769236
119.49519230769236
119.49519230769236
119.49519230769236
119.49519230769236
119.49519230769236
119.49519230769236
119.49519230769236
103.4237637362638
103.4237637362638
103.4237637362638
103.4237637362638
103.4237637362638
103.4237637362638
103.4237637362638
103.4237637362638
121.18692163100063
121.18692163100063
121.18692163100063
121.18692163100063
121.18692163100063
121.18692163100063
121.18692163100063
121.18692163100063
141.0398628074712
141.0398628074712
141.0398628074712
141.0398628074712
141.0398628074712
141.0398628074712
141.0398628074712
141.0398628074712
163.53986280747117
163.53986280747117
163.53986280747117
163.53986280747117
163.53986280747117
163.53986280747117
163.53986280747117
163.53986280747117
163.53986280747117
163.53986280747117
163.53986280747117
163.53986280747117
163.53986280747117
163.53986280747117
163.53986280747117
163.53986280747117
141.03986280747117
141.03986280747117
141.03986280747117
141.03986280747117
141.03986280747117
141.03986280747117
141.03986280747117
141.03986280747117
118.53986280747117
118.53986280747117
118.53986280747117
118.53986280747117
118.53986280747117
118.53986280747117
118.53986280747117
118.53986280747117
118.53986280747117
118.53986280747117
118.53986280747117
118.53986280747117
118.53986280747117
118.53986280747117
118.53986280747117
118.53986280747117
141.03986280747117
141.03986280747117
141.03986280747117
141.03986280747117
141.03986280747117
141.03986280747117
141.03986280747117
141.03986280747117
163.53986280747117
163.53986280747117
163.53986280747117
163.53986280747117
163.53986280747117
163.53986280747117
163.53986280747117
163.53986280747117
141.03986280747117
141.03986280747117
141.03986280747117
141.03986280747117
141.03986280747117
141.03986280747117
141.03986280747117
141.03986280747117
118.53986280747117
118.53986280747117
118.53986280747117
118.53986280747117
118.53986280747117
118.53986280747117
118.53986280747117
118.53986280747117
118.53986280747117
118.53986280747117
118.53986280747117
118.53986280747117
118.53986280747117
118.53986280747117
118.53986280747117
118.53986280747117
139.3090935767019
139.3090935767019
139.3090935767019
139.3090935767019
139.3090935767019
139.3090935767019
139.3090935767019
139.3090935767019
161.8090935767019
161.8090935767019
161.8090935767019
161.8090935767019
161.8090935767019
161.8090935767019
161.8090935767019
161.8090935767019
184.3090935767019
184.3090935767019
184.3090935767019
184.3090935767019
184.3090935767019
184.3090935767019
184.3090935767019
184.3090935767019
184.3090935767019
184.3090935767019
184.3090935767019
184.3090935767019
184.3090935767019
184.3090935767019
184.3090935767019
184.3090935767019
163.53986280747117
163.53986280747117
163.53986280747117
163.53986280747117
163.53986280747117
163.53986280747117
163.53986280747117
163.53986280747117
163.53986280747117
163.53986280747117
163.53986280747117
163.53986280747117
163.53986280747117
163.53986280747117
163.53986280747117
163.53986280747117
181.0723303399387
181.0723303399387
181.0723303399387
181.0723303399387
181.0723303399387
181.0723303399387
181.0723303399387
181.0723303399387
181.0723303399387
181.0723303399387
181.0723303399387
181.0723303399387
181.0723303399387
181.0723303399387
181.0723303399387
181.0723303399387
162.5791796550072
162.5791796550072
162.5791796550072
162.5791796550072
162.5791796550072
162.5791796550072
162.5791796550072
162.5791796550072
141.80994888577646
141.80994888577646
141.80994888577646
141.80994888577646
141.80994888577646
141.80994888577646
141.80994888577646
141.80994888577646
119.30994888577646
119.30994888577646
119.30994888577646
119.30994888577646
119.30994888577646
119.30994888577646
119.30994888577646
119.30994888577646
96.80994888577646
96.80994888577646
96.80994888577646
96.80994888577646
96.80994888577646
96.80994888577646
96.80994888577646
96.80994888577646
74.30994888577646
74.30994888577646
74.30994888577646
74.30994888577646
74.30994888577646
74.30994888577646
74.30994888577646
74.30994888577646
74.30994888577646
74.30994888577646
74.30994888577646
74.30994888577646
74.30994888577646
74.30994888577646
74.30994888577646
74.30994888577646
74.30994888577646
74.30994888577646
74.30994888577646
74.30994888577646
74.30994888577646
74.30994888577646
74.30994888577646
74.30994888577646
90.97661555244312
90.97661555244312
90.97661555244312
90.97661555244312
90.97661555244312
90.97661555244312
90.97661555244312
90.97661555244312
75.80807622660042
75.80807622660042
75.80807622660042
75.80807622660042
75.80807622660042
75.80807622660042
75.80807622660042
75.80807622660042
59.54301598563657
59.54301598563657
59.54301598563657
59.54301598563657
59.54301598563657
59.54301598563657
59.54301598563657
59.54301598563657
41.543015985636586
41.543015985636586
41.543015985636586
41.543015985636586
41.543015985636586
41.543015985636586
41.543015985636586
41.543015985636586
21.393762254293325
21.393762254293325
21.393762254293325
21.393762254293325
21.393762254293325
21.393762254293325
21.393762254293325
21.393762254293325
-1.1062377457066752
-1.1062377457066752
-1.1062377457066752
-1.1062377457066752
-1.1062377457066752
-1.1062377457066752
-1.1062377457066752
-1.1062377457066752
-23.606237745706675
-23.606237745706675
-23.606237745706675
-23.606237745706675
-23.606237745706675
-23.606237745706675
-23.606237745706675
-23.606237745706675
-23.606237745706675
-23.606237745706675
-23.606237745706675
-23.606237745706675
-23.606237745706675
-23.606237745706675
-23.606237745706675
-23.606237745706675
-23.606237745706675
-23.606237745706675
-23.606237745706675
-23.606237745706675
-23.606237745706675
-23.606237745706675
-23.606237745706675
-23.606237745706675
-23.606237745706675
-23.606237745706675
-23.606237745706675
-23.606237745706675
-23.606237745706675
-23.606237745706675
-23.606237745706675
-23.606237745706675
-23.606237745706675
-23.606237745706675
-23.606237745706675
-23.606237745706675
-23.606237745706675
-23.606237745706675
-23.606237745706675
-23.606237745706675
-4.041020354402345
-4.041020354402345
-4.041020354402345
-4.041020354402345
-4.041020354402345
-4.041020354402345
-4.041020354402345
-4.041020354402345
15.524197036901985
15.524197036901985
15.524197036901985
15.524197036901985
15.524197036901985
15.524197036901985
15.524197036901985
15.524197036901985
37.65534457788556
37.65534457788556
37.65534457788556
37.65534457788556
37.65534457788556
37.65534457788556
37.65534457788556
37.65534457788556
59.786492118869134
59.786492118869134
59.786492118869134
59.786492118869134
59.786492118869134
59.786492118869134
59.786492118869134
59.786492118869134
59.786492118869134
59.786492118869134
59.786492118869134
59.786492118869134
59.786492118869134
59.786492118869134
59.786492118869134
59.786492118869134
79.35170951017346
79.35170951017346
79.35170951017346
79.35170951017346
79.35170951017346
79.35170951017346
79.35170951017346
79.35170951017346
101.48285705115704
101.48285705115704
101.48285705115704
101.48285705115704
101.48285705115704
101.48285705115704
101.48285705115704
101.48285705115704
121.6321107825003
121.6321107825003
121.6321107825003
121.6321107825003
121.6321107825003
121.6321107825003
121.6321107825003
121.6321107825003
121.6321107825003
121.6321107825003
121.6321107825003
121.6321107825003
121.6321107825003
121.6321107825003
121.6321107825003
121.6321107825003
105.36705054153646
105.36705054153646
105.36705054153646
105.36705054153646
105.36705054153646
105.36705054153646
105.36705054153646
105.36705054153646
90.53188570637163
90.53188570637163
90.53188570637163
90.53188570637163
90.53188570637163
90.53188570637163
90.53188570637163
90.53188570637163
106.04912708568197
106.04912708568197
106.04912708568197
106.04912708568197
106.04912708568197
106.04912708568197
106.04912708568197
106.04912708568197
123.13773468061868
123.13773468061868
123.13773468061868
123.13773468061868
123.13773468061868
123.13773468061868
123.13773468061868
123.13773468061868
142.15181918766092
142.15181918766092
142.15181918766092
142.15181918766092
142.15181918766092
142.15181918766092
142.15181918766092
142.15181918766092
142.15181918766092
142.15181918766092
142.15181918766092
142.15181918766092
142.15181918766092
142.15181918766092
142.15181918766092
142.15181918766092
142.15181918766092
142.15181918766092
142.15181918766092
142.15181918766092
142.15181918766092
142.15181918766092
142.15181918766092
142.15181918766092
142.15181918766092
142.15181918766092
142.15181918766092
142.15181918766092
142.15181918766092
142.15181918766092
142.15181918766092
142.15181918766092
119.65181918766092
119.65181918766092
119.65181918766092
119.65181918766092
119.65181918766092
119.65181918766092
119.65181918766092
119.65181918766092
97.15181918766092
97.15181918766092
97.15181918766092
97.15181918766092
97.15181918766092
97.15181918766092
97.15181918766092
97.15181918766092
74.65181918766092
74.65181918766092
74.65181918766092
74.65181918766092
74.65181918766092
74.65181918766092
74.65181918766092
74.65181918766092
74.65181918766092
74.65181918766092
74.65181918766092
74.65181918766092
74.65181918766092
74.65181918766092
74.65181918766092
74.65181918766092
52.15181918766092
52.15181918766092
52.15181918766092
52.15181918766092
52.15181918766092
52.15181918766092
52.15181918766092
52.15181918766092
52.15181918766092
52.15181918766092
52.15181918766092
52.15181918766092
52.15181918766092
52.15181918766092
52.15181918766092
52.15181918766092
29.65181918766092
29.65181918766092
29.65181918766092
29.65181918766092
29.65181918766092
29.65181918766092
29.65181918766092
29.65181918766092
29.65181918766092
29.65181918766092
29.65181918766092
29.65181918766092
29.65181918766092
29.65181918766092
29.65181918766092
29.65181918766092
11.408575944417688
11.408575944417688
11.408575944417688
11.408575944417688
11.408575944417688
11.408575944417688
11.408575944417688
11.408575944417688
-5.054838689728651
-5.054838689728651
-5.054838689728651
-5.054838689728651
-5.054838689728651
-5.054838689728651
-5.054838689728651
-5.054838689728651
-5.054838689728651
-5.054838689728651
-5.054838689728651
-5.054838689728651
-5.054838689728651
-5.054838689728651
-5.054838689728651
-5.054838689728651
-5.054838689728651
-5.054838689728651
-5.054838689728651
-5.054838689728651
-5.054838689728651
-5.054838689728651
-5.054838689728651
-5.054838689728651
-17.79068774633243
-17.79068774633243
-17.79068774633243
-17.79068774633243
-17.79068774633243
-17.79068774633243
-17.79068774633243
-17.79068774633243
-29.632793009490335
-29.632793009490335
-29.632793009490335
-29.632793009490335
-29.632793009490335
-29.632793009490335
-29.632793009490335
-29.632793009490335
-40.69836677998215
-40.69836677998215
-40.69836677998215
-40.69836677998215
-40.69836677998215
-40.69836677998215
-40.69836677998215
-40.69836677998215
-51.082982164597546
-51.082982164597546
-51.082982164597546
-51.082982164597546
-51.082982164597546
-51.082982164597546
-51.082982164597546
-51.082982164597546
-61.1576090302692
-61.1576090302692
-61.1576090302692
-61.1576090302692
-61.1576090302692
-61.1576090302692
-61.1576090302692
-61.1576090302692
-70.66465128379033
-70.66465128379033
-70.66465128379033
-70.66465128379033
-70.66465128379033
-70.66465128379033
-70.66465128379033
-70.66465128379033
-79.66465128379035
-79.66465128379035
-79.66465128379035
-79.66465128379035
-79.66465128379035
-79.66465128379035
-79.66465128379035
-79.66465128379035
-88.91122662625611
-88.91122662625611
-88.91122662625611
-88.91122662625611
-88.91122662625611
-88.91122662625611
-88.91122662625611
-88.91122662625611
-98.6938353219083
-98.6938353219083
-98.6938353219083
-98.6938353219083
-98.6938353219083
-98.6938353219083
-98.6938353219083
-98.6938353219083
-109.0784507065237
-109.0784507065237
-109.0784507065237
-109.0784507065237
-109.0784507065237
-109.0784507065237
-109.0784507065237
-109.0784507065237
-131.5784507065237
-131.5784507065237
-131.5784507065237
-131.5784507065237
-131.5784507065237
-131.5784507065237
-131.5784507065237
-131.5784507065237
-154.0784507065237
-154.0784507065237
-154.0784507065237
-154.0784507065237
-154.0784507065237
-154.0784507065237
-154.0784507065237
-154.0784507065237
-176.5784507065237
-176.5784507065237
-176.5784507065237
-176.5784507065237
-176.5784507065237
-176.5784507065237
-176.5784507065237
-176.5784507065237
-154.0784507065237
-154.0784507065237
-154.0784507065237
-154.0784507065237
-154.0784507065237
-154.0784507065237
-154.0784507065237
-154.0784507065237
-131.94730316554015
-131.94730316554015
-131.94730316554015
-131.94730316554015
-131.94730316554015
-131.94730316554015
-131.94730316554015
-131.94730316554015
-112.38208577423582
-112.38208577423582
-112.38208577423582
-112.38208577423582
-112.38208577423582
-112.38208577423582
-112.38208577423582
-112.38208577423582
-129.91455330670334
-129.91455330670334
-129.91455330670334
-129.91455330670334
-129.91455330670334
-129.91455330670334
-129.91455330670334
-129.91455330670334
-129.91455330670334
-129.91455330670334
-129.91455330670334
-129.91455330670334
-129.91455330670334
-129.91455330670334
-129.91455330670334
-129.91455330670334
-115.39842427444528
-115.39842427444528
-115.39842427444528
-115.39842427444528
-115.39842427444528
-115.39842427444528
-115.39842427444528
-115.39842427444528
-100.56325943928044
-100.56325943928044
-100.56325943928044
-100.56325943928044
-100.56325943928044
-100.56325943928044
-100.56325943928044
-100.56325943928044
-84.68090649810398
-84.68090649810398
-84.68090649810398
-84.68090649810398
-84.68090649810398
-84.68090649810398
-84.68090649810398
-84.68090649810398
-69.16366511879363
-69.16366511879363
-69.16366511879363
-69.16366511879363
-69.16366511879363
-69.16366511879363
-69.16366511879363
-69.16366511879363
-52.49699845212697
-52.49699845212697
-52.49699845212697
-52.49699845212697
-52.49699845212697
-52.49699845212697
-52.49699845212697
-52.49699845212697
-37.32845912628427
-37.32845912628427
-37.32845912628427
-37.32845912628427
-37.32845912628427
-37.32845912628427
-37.32845912628427
-37.32845912628427
-37.32845912628427
-37.32845912628427
-37.32845912628427
-37.32845912628427
-37.32845912628427
-37.32845912628427
-37.32845912628427
-37.32845912628427
-50.185601983427134
-50.185601983427134
-50.185601983427134
-50.185601983427134
-50.185601983427134
-50.185601983427134
-50.185601983427134
-50.185601983427134
-62.1325046382944
-62.1325046382944
-62.1325046382944
-62.1325046382944
-62.1325046382944
-62.1325046382944
-62.1325046382944
-62.1325046382944
-74.51782573921184
-74.51782573921184
-74.51782573921184
-74.51782573921184
-74.51782573921184
-74.51782573921184
-74.51782573921184
-74.51782573921184
-87.88416237287521
-87.88416237287521
-87.88416237287521
-87.88416237287521
-87.88416237287521
-87.88416237287521
-87.88416237287521
-87.88416237287521
-102.40029140513327
-102.40029140513327
-102.40029140513327
-102.40029140513327
-102.40029140513327
-102.40029140513327
-102.40029140513327
-102.40029140513327
-115.76662803879665
-115.76662803879665
-115.76662803879665
-115.76662803879665
-115.76662803879665
-115.76662803879665
-115.76662803879665
-115.76662803879665
-115.76662803879665
-115.76662803879665
-115.76662803879665
-115.76662803879665
-115.76662803879665
-115.76662803879665
-115.76662803879665
-115.76662803879665
-115.76662803879665
-115.76662803879665
-115.76662803879665
-115.76662803879665
-115.76662803879665
-115.76662803879665
-115.76662803879665
-115.76662803879665
-127.11116585392271
-127.11116585392271
-127.11116585392271
-127.11116585392271
-127.11116585392271
-127.11116585392271
-127.11116585392271
-127.11116585392271
-139.2733280160849
-139.2733280160849
-139.2733280160849
-139.2733280160849
-139.2733280160849
-139.2733280160849
-139.2733280160849
-139.2733280160849
-152.38012413258974
-152.38012413258974
-152.38012413258974
-152.38012413258974
-152.38012413258974
-152.38012413258974
-152.38012413258974
-152.38012413258974
-166.59065044837922
-166.59065044837922
-166.59065044837922
-166.59065044837922
-166.59065044837922
-166.59065044837922
-166.59065044837922
-166.59065044837922
-182.10789182768957
-182.10789182768957
-182.10789182768957
-182.10789182768957
-182.10789182768957
-182.10789182768957
-182.10789182768957
-182.10789182768957
-204.60789182768957
-204.60789182768957
-204.60789182768957
-204.60789182768957
-204.60789182768957
-204.60789182768957
-204.60789182768957
-204.60789182768957
-204.60789182768957
-204.60789182768957
-204.60789182768957
-204.60789182768957
-204.60789182768957
-204.60789182768957
-204.60789182768957
-204.60789182768957
-204.60789182768957
-204.60789182768957
-204.60789182768957
-204.60789182768957
-204.60789182768957
-204.60789182768957
-204.60789182768957
-204.60789182768957
-204.60789182768957
-204.60789182768957
-204.60789182768957
-204.60789182768957
-204.60789182768957
-204.60789182768957
-204.60789182768957
-204.60789182768957
-204.60789182768957
-204.60789182768957
-204.60789182768957
-204.60789182768957
-204.60789182768957
-204.60789182768957
-204.60789182768957
-204.60789182768957
-204.60789182768957
-204.60789182768957
-204.60789182768957
-204.60789182768957
-204.60789182768957
-204.60789182768957
-204.60789182768957
-204.60789182768957
-204.60789182768957
-204.60789182768957
-204.60789182768957
-204.60789182768957
-204.60789182768957
-204.60789182768957
-204.60789182768957
-204.60789182768957
-204.60789182768957
-204.60789182768957
-204.60789182768957
-204.60789182768957
-204.60789182768957
-204.60789182768957
-204.60789182768957
-204.60789182768957
-204.60789182768957
-204.60789182768957
-204.60789182768957
-204.60789182768957
-204.60789182768957
-204.60789182768957
-204.60789182768957
-204.60789182768957
-221.27455849435623
-221.27455849435623
-221.27455849435623
-221.27455849435623
-221.27455849435623
-221.27455849435623
-221.27455849435623
-221.27455849435623
-236.44309782019891
-236.44309782019891
-236.44309782019891
-236.44309782019891
-236.44309782019891
-236.44309782019891
-236.44309782019891
-236.44309782019891
-250.3606235933948
-250.3606235933948
-250.3606235933948
-250.3606235933948
-250.3606235933948
-250.3606235933948
-250.3606235933948
-250.3606235933948
-265.5291629192375
-265.5291629192375
-265.5291629192375
-265.5291629192375
-265.5291629192375
-265.5291629192375
-265.5291629192375
-265.5291629192375
-282.19582958590416
-282.19582958590416
-282.19582958590416
-282.19582958590416
-282.19582958590416
-282.19582958590416
-282.19582958590416
-282.19582958590416
-300.68898027083566
-300.68898027083566
-300.68898027083566
-300.68898027083566
-300.68898027083566
-300.68898027083566
-300.68898027083566
-300.68898027083566
-282.68898027083566
-282.68898027083566
-282.68898027083566
-282.68898027083566
-282.68898027083566
-282.68898027083566
-282.68898027083566
-282.68898027083566
-263.12376287953134
-263.12376287953134
-263.12376287953134
-263.12376287953134
-263.12376287953134
-263.12376287953134
-263.12376287953134
-263.12376287953134
-240.99261533854778
-240.99261533854778
-240.99261533854778
-240.99261533854778
-240.99261533854778
-240.99261533854778
-240.99261533854778
-240.99261533854778
-218.49261533854778
-218.49261533854778
-218.49261533854778
-218.49261533854778
-218.49261533854778
-218.49261533854778
-218.49261533854778
-218.49261533854778
-195.99261533854778
-195.99261533854778
-195.99261533854778
-195.99261533854778
-195.99261533854778
-195.99261533854778
-195.99261533854778
-195.99261533854778
-173.49261533854778
-173.49261533854778
-173.49261533854778
-173.49261533854778
-173.49261533854778
-173.49261533854778
-173.49261533854778
-173.49261533854778
-173.49261533854778
-173.49261533854778
-173.49261533854778
-173.49261533854778
-173.49261533854778
-173.49261533854778
-173.49261533854778
-173.49261533854778
-173.49261533854778
-173.49261533854778
-173.49261533854778
-173.49261533854778
-173.49261533854778
-173.49261533854778
-173.49261533854778
-173.49261533854778
-189.75767557951164
-189.75767557951164
-189.75767557951164
-189.75767557951164
-189.75767557951164
-189.75767557951164
-189.75767557951164
-189.75767557951164
-189.75767557951164
-189.75767557951164
-189.75767557951164
-189.75767557951164
-189.75767557951164
-189.75767557951164
-189.75767557951164
-189.75767557951164
-189.75767557951164
-189.75767557951164
-189.75767557951164
-189.75767557951164
-189.75767557951164
-189.75767557951164
-189.75767557951164
-189.75767557951164
-202.6148184366545
-202.6148184366545
-202.6148184366545
-202.6148184366545
-202.6148184366545
-202.6148184366545
-202.6148184366545
-202.6148184366545
-216.53234420985038
-216.53234420985038
-216.53234420985038
-216.53234420985038
-216.53234420985038
-216.53234420985038
-216.53234420985038
-216.53234420985038
-231.70088353569307
-231.70088353569307
-231.70088353569307
-231.70088353569307
-231.70088353569307
-231.70088353569307
-231.70088353569307
-231.70088353569307
-246.5360483708579
-246.5360483708579
-246.5360483708579
-246.5360483708579
-246.5360483708579
-246.5360483708579
-246.5360483708579
-246.5360483708579
-260.17241200722157
-260.17241200722157
-260.17241200722157
-260.17241200722157
-260.17241200722157
-260.17241200722157
-260.17241200722157
-260.17241200722157
-272.78923443712813
-272.78923443712813
-272.78923443712813
-272.78923443712813
-272.78923443712813
-272.78923443712813
-272.78923443712813
-272.78923443712813
-286.1555710707915
-286.1555710707915
-286.1555710707915
-286.1555710707915
-286.1555710707915
-286.1555710707915
-286.1555710707915
-286.1555710707915
-300.67170010304955
-300.67170010304955
-300.67170010304955
-300.67170010304955
-300.67170010304955
-300.67170010304955
-300.67170010304955
-300.67170010304955
-316.554053044226
-316.554053044226
-316.554053044226
-316.554053044226
-316.554053044226
-316.554053044226
-316.554053044226
-316.554053044226
-331.38921787939086
-331.38921787939086
-331.38921787939086
-331.38921787939086
-331.38921787939086
-331.38921787939086
-331.38921787939086
-331.38921787939086
-345.0255815157545
-345.0255815157545
-345.0255815157545
-345.0255815157545
-345.0255815157545
-345.0255815157545
-345.0255815157545
-345.0255815157545
-358.9431072889504
-358.9431072889504
-358.9431072889504
-358.9431072889504
-358.9431072889504
-358.9431072889504
-358.9431072889504
-358.9431072889504
-373.77827212411523
-373.77827212411523
-373.77827212411523
-373.77827212411523
-373.77827212411523
-373.77827212411523
-373.77827212411523
-373.77827212411523
-373.77827212411523
-373.77827212411523
-373.77827212411523
-373.77827212411523
-373.77827212411523
-373.77827212411523
-373.77827212411523
-373.77827212411523
-361.16144969420867
-361.16144969420867
-361.16144969420867
-361.16144969420867
-361.16144969420867
-361.16144969420867
-361.16144969420867
-361.16144969420867
-347.52508605784504
-347.52508605784504
-347.52508605784504
-347.52508605784504
-347.52508605784504
-347.52508605784504
-347.52508605784504
-347.52508605784504
-332.6899212226802
-332.6899212226802
-332.6899212226802
-332.6899212226802
-332.6899212226802
-332.6899212226802
-332.6899212226802
-332.6899212226802
-316.42486098171634
-316.42486098171634
-316.42486098171634
-316.42486098171634
-316.42486098171634
-316.42486098171634
-316.42486098171634
-316.42486098171634
-298.42486098171634
-298.42486098171634
-298.42486098171634
-298.42486098171634
-298.42486098171634
-298.42486098171634
-298.42486098171634
-298.42486098171634
-278.27560725037307
-278.27560725037307
-278.27560725037307
-278.27560725037307
-278.27560725037307
-278.27560725037307
-278.27560725037307
-278.27560725037307
-255.77560725037307
-255.77560725037307
-255.77560725037307
-255.77560725037307
-255.77560725037307
-255.77560725037307
-255.77560725037307
-255.77560725037307
-233.27560725037307
-233.27560725037307
-233.27560725037307
-233.27560725037307
-233.27560725037307
-233.27560725037307
-233.27560725037307
-233.27560725037307
-233.27560725037307
-233.27560725037307
-233.27560725037307
-233.27560725037307
-233.27560725037307
-233.27560725037307
-233.27560725037307
-233.27560725037307
-233.27560725037307
-233.27560725037307
-233.27560725037307
-233.27560725037307
-233.27560725037307
-233.27560725037307
-233.27560725037307
-233.27560725037307
-233.27560725037307
-233.27560725037307
-233.27560725037307
-233.27560725037307
-233.27560725037307
-233.27560725037307
-233.27560725037307
-233.27560725037307
-233.27560725037307
-233.27560725037307
-233.27560725037307
-233.27560725037307
-233.27560725037307
-233.27560725037307
-233.27560725037307
-233.27560725037307
-213.71038985906875
-213.71038985906875
-213.71038985906875
-213.71038985906875
-213.71038985906875
-213.71038985906875
-213.71038985906875
-213.71038985906875
-213.71038985906875
-213.71038985906875
-213.71038985906875
-213.71038985906875
-213.71038985906875
-213.71038985906875
-213.71038985906875
-213.71038985906875
-229.59274280024522
-229.59274280024522
-229.59274280024522
-229.59274280024522
-229.59274280024522
-229.59274280024522
-229.59274280024522
-229.59274280024522
-245.47509574142168
-245.47509574142168
-245.47509574142168
-245.47509574142168
-245.47509574142168
-245.47509574142168
-245.47509574142168
-245.47509574142168
-262.14176240808837
-262.14176240808837
-262.14176240808837
-262.14176240808837
-262.14176240808837
-262.14176240808837
-262.14176240808837
-262.14176240808837
-280.63491309301986
-280.63491309301986
-280.63491309301986
-280.63491309301986
-280.63491309301986
-280.63491309301986
-280.63491309301986
-280.63491309301986
-301.40414386225063
-301.40414386225063
-301.40414386225063
-301.40414386225063
-301.40414386225063
-301.40414386225063
-301.40414386225063
-301.40414386225063
-320.96936125355495
-320.96936125355495
-320.96936125355495
-320.96936125355495
-320.96936125355495
-320.96936125355495
-320.96936125355495
-320.96936125355495
-338.5018287860225
-338.5018287860225
-338.5018287860225
-338.5018287860225
-338.5018287860225
-338.5018287860225
-338.5018287860225
-338.5018287860225
-338.5018287860225
-338.5018287860225
-338.5018287860225
-338.5018287860225
-338.5018287860225
-338.5018287860225
-338.5018287860225
-338.5018287860225
-353.01795781828054
-353.01795781828054
-353.01795781828054
-353.01795781828054
-353.01795781828054
-353.01795781828054
-353.01795781828054
-353.01795781828054
-366.3842944519439
-366.3842944519439
-366.3842944519439
-366.3842944519439
-366.3842944519439
-366.3842944519439
-366.3842944519439
-366.3842944519439
-378.76961555286135
-378.76961555286135
-378.76961555286135
-378.76961555286135
-378.76961555286135
-378.76961555286135
-378.76961555286135
-378.76961555286135
-392.1359521865247
-392.1359521865247
-392.1359521865247
-392.1359521865247
-392.1359521865247
-392.1359521865247
-392.1359521865247
-392.1359521865247
-406.65208121878277
-406.65208121878277
-406.65208121878277
-406.65208121878277
-406.65208121878277
-406.65208121878277
-406.65208121878277
-406.65208121878277
-422.53443415995923
-422.53443415995923
-422.53443415995923
-422.53443415995923
-422.53443415995923
-422.53443415995923
-422.53443415995923
-422.53443415995923
-440.06690169242677
-440.06690169242677
-440.06690169242677
-440.06690169242677
-440.06690169242677
-440.06690169242677
-440.06690169242677
-440.06690169242677
-440.06690169242677
-440.06690169242677
-440.06690169242677
-440.06690169242677
-440.06690169242677
-440.06690169242677
-440.06690169242677
-440.06690169242677
-424.8983623665841
-424.8983623665841
-424.8983623665841
-424.8983623665841
-424.8983623665841
-424.8983623665841
-424.8983623665841
-424.8983623665841
-410.9808365933882
-410.9808365933882
-410.9808365933882
-410.9808365933882
-410.9808365933882
-410.9808365933882
-410.9808365933882
-410.9808365933882
-423.83797945053107
-423.83797945053107
-423.83797945053107
-423.83797945053107
-423.83797945053107
-423.83797945053107
-423.83797945053107
-423.83797945053107
-437.75550522372697
-437.75550522372697
-437.75550522372697
-437.75550522372697
-437.75550522372697
-437.75550522372697
-437.75550522372697
-437.75550522372697
-452.92404454956966
-452.92404454956966
-452.92404454956966
-452.92404454956966
-452.92404454956966
-452.92404454956966
-452.92404454956966
-452.92404454956966
-469.59071121623634
-469.59071121623634
-469.59071121623634
-469.59071121623634
-469.59071121623634
-469.59071121623634
-469.59071121623634
-469.59071121623634
-485.1079525955467
-485.1079525955467
-485.1079525955467
-485.1079525955467
-485.1079525955467
-485.1079525955467
-485.1079525955467
-485.1079525955467
-507.6079525955467
-507.6079525955467
-507.6079525955467
-507.6079525955467
-507.6079525955467
-507.6079525955467
-507.6079525955467
-507.6079525955467
-485.1079525955467
-485.1079525955467
-485.1079525955467
-485.1079525955467
-485.1079525955467
-485.1079525955467
-485.1079525955467
-485.1079525955467
-462.6079525955467
-462.6079525955467
-462.6079525955467
-462.6079525955467
-462.6079525955467
-462.6079525955467
-462.6079525955467
-462.6079525955467
-462.6079525955467
-462.6079525955467
-462.6079525955467
-462.6079525955467
-462.6079525955467
-462.6079525955467
-462.6079525955467
-462.6079525955467
-485.1079525955467
-485.1079525955467
-485.1079525955467
-485.1079525955467
-485.1079525955467
-485.1079525955467
-485.1079525955467
-485.1079525955467
-507.6079525955467
-507.6079525955467
-507.6079525955467
-507.6079525955467
-507.6079525955467
-507.6079525955467
-507.6079525955467
-507.6079525955467
-530.1079525955467
-530.1079525955467
-530.1079525955467
-530.1079525955467
-530.1079525955467
-530.1079525955467
-530.1079525955467
-530.1079525955467
-552.6079525955467
-552.6079525955467
-552.6079525955467
-552.6079525955467
-552.6079525955467
-552.6079525955467
-552.6079525955467
-552.6079525955467
-575.1079525955467
-575.1079525955467
-575.1079525955467
-575.1079525955467
-575.1079525955467
-575.1079525955467
-575.1079525955467
-575.1079525955467
-552.6079525955467
-552.6079525955467
-552.6079525955467
-552.6079525955467
-552.6079525955467
-552.6079525955467
-552.6079525955467
-552.6079525955467
-530.1079525955467
-530.1079525955467
-530.1079525955467
-530.1079525955467
-530.1079525955467
-530.1079525955467
-530.1079525955467
-530.1079525955467
-507.60795259554675
-507.60795259554675
-507.60795259554675
-507.60795259554675
-507.60795259554675
-507.60795259554675
-507.60795259554675
-507.60795259554675
-485.10795259554675
-485.10795259554675
-485.10795259554675
-485.10795259554675
-485.10795259554675
-485.10795259554675
-485.10795259554675
-485.10795259554675
-464.9586988642035
-464.9586988642035
-464.9586988642035
-464.9586988642035
-464.9586988642035
-464.9586988642035
-464.9586988642035
-464.9586988642035
-446.9586988642035
-446.9586988642035
-446.9586988642035
-446.9586988642035
-446.9586988642035
-446.9586988642035
-446.9586988642035
-446.9586988642035
-430.6936386232396
-430.6936386232396
-430.6936386232396
-430.6936386232396
-430.6936386232396
-430.6936386232396
-430.6936386232396
-430.6936386232396
-415.8584737880748
-415.8584737880748
-415.8584737880748
-415.8584737880748
-415.8584737880748
-415.8584737880748
-415.8584737880748
-415.8584737880748
-402.22211015171115
-402.22211015171115
-402.22211015171115
-402.22211015171115
-402.22211015171115
-402.22211015171115
-402.22211015171115
-402.22211015171115
-389.6052877218046
-389.6052877218046
-389.6052877218046
-389.6052877218046
-389.6052877218046
-389.6052877218046
-389.6052877218046
-389.6052877218046
-377.86615728702196
-377.86615728702196
-377.86615728702196
-377.86615728702196
-377.86615728702196
-377.86615728702196
-377.86615728702196
-377.86615728702196
-400.36615728702196
-400.36615728702196
-400.36615728702196
-400.36615728702196
-400.36615728702196
-400.36615728702196
-400.36615728702196
-400.36615728702196
-422.86615728702196
-422.86615728702196
-422.86615728702196
-422.86615728702196
-422.86615728702196
-422.86615728702196
-422.86615728702196
-422.86615728702196
-400.36615728702196
-400.36615728702196
-400.36615728702196
-400.36615728702196
-400.36615728702196
-400.36615728702196
-400.36615728702196
-400.36615728702196
-377.86615728702196
-377.86615728702196
-377.86615728702196
-377.86615728702196
-377.86615728702196
-377.86615728702196
-377.86615728702196
-377.86615728702196
-355.36615728702196
-355.36615728702196
-355.36615728702196
-355.36615728702196
-355.36615728702196
-355.36615728702196
-355.36615728702196
-355.36615728702196
-332.86615728702196
-332.86615728702196
-332.86615728702196
-332.86615728702196
-332.86615728702196
-332.86615728702196
-332.86615728702196
-332.86615728702196
-310.36615728702196
-310.36615728702196
-310.36615728702196
-310.36615728702196
-310.36615728702196
-310.36615728702196
-310.36615728702196
-310.36615728702196
-332.86615728702196
-332.86615728702196
-332.86615728702196
-332.86615728702196
-332.86615728702196
-332.86615728702196
-332.86615728702196
-332.86615728702196
-355.36615728702196
-355.36615728702196
-355.36615728702196
-355.36615728702196
-355.36615728702196
-355.36615728702196
-355.36615728702196
-355.36615728702196
-377.86615728702196
-377.86615728702196
-377.86615728702196
-377.86615728702196
-377.86615728702196
-377.86615728702196
-377.86615728702196
-377.86615728702196
-398.3207027415674
-398.3207027415674
-398.3207027415674
-398.3207027415674
-398.3207027415674
-398.3207027415674
-398.3207027415674
-398.3207027415674
-416.56394598481063
-416.56394598481063
-416.56394598481063
-416.56394598481063
-416.56394598481063
-416.56394598481063
-416.56394598481063
-416.56394598481063
-433.43894598481063
-433.43894598481063
-433.43894598481063
-433.43894598481063
-433.43894598481063
-433.43894598481063
-433.43894598481063
-433.43894598481063
-452.18894598481063
-452.18894598481063
-452.18894598481063
-452.18894598481063
-452.18894598481063
-452.18894598481063
-452.18894598481063
-452.18894598481063
-473.28269598481063
-473.28269598481063
-473.28269598481063
-473.28269598481063
-473.28269598481063
-473.28269598481063
-473.28269598481063
-473.28269598481063
-495.78269598481063
-495.78269598481063
-495.78269598481063
-495.78269598481063
-495.78269598481063
-495.78269598481063
-495.78269598481063
-495.78269598481063
-518.2826959848106
-518.2826959848106
-518.2826959848106
-518.2826959848106
-518.2826959848106
-518.2826959848106
-518.2826959848106
-518.2826959848106
-496.50850243642356
-496.50850243642356
-496.50850243642356
-496.50850243642356
-496.50850243642356
-496.50850243642356
-496.50850243642356
-496.50850243642356
-474.00850243642356
-474.00850243642356
-474.00850243642356
-474.00850243642356
-474.00850243642356
-474.00850243642356
-474.00850243642356
-474.00850243642356
-451.50850243642356
-451.50850243642356
-451.50850243642356
-451.50850243642356
-451.50850243642356
-451.50850243642356
-451.50850243642356
-451.50850243642356
-451.50850243642356
-451.50850243642356
-451.50850243642356
-451.50850243642356
-451.50850243642356
-451.50850243642356
-451.50850243642356
-451.50850243642356
-451.50850243642356
-451.50850243642356
-451.50850243642356
-451.50850243642356
-451.50850243642356
-451.50850243642356
-451.50850243642356
-451.50850243642356
-470.25850243642356
-470.25850243642356
-470.25850243642356
-470.25850243642356
-470.25850243642356
-470.25850243642356
-470.25850243642356
-470.25850243642356
-487.13350243642356
-487.13350243642356
-487.13350243642356
-487.13350243642356
-487.13350243642356
-487.13350243642356
-487.13350243642356
-487.13350243642356
-502.4744115273326
-502.4744115273326
-502.4744115273326
-502.4744115273326
-502.4744115273326
-502.4744115273326
-502.4744115273326
-502.4744115273326
-516.5369115273327
-516.5369115273327
-516.5369115273327
-516.5369115273327
-516.5369115273327
-516.5369115273327
-516.5369115273327
-516.5369115273327
-539.0369115273327
-539.0369115273327
-539.0369115273327
-539.0369115273327
-539.0369115273327
-539.0369115273327
-539.0369115273327
-539.0369115273327
-561.5369115273327
-561.5369115273327
-561.5369115273327
-561.5369115273327
-561.5369115273327
-561.5369115273327
-561.5369115273327
-561.5369115273327
-584.0369115273327
-584.0369115273327
-584.0369115273327
-584.0369115273327
-584.0369115273327
-584.0369115273327
-584.0369115273327
-584.0369115273327
-584.0369115273327
-584.0369115273327
-584.0369115273327
-584.0369115273327
-584.0369115273327
-584.0369115273327
-584.0369115273327
-584.0369115273327
-584.0369115273327
-584.0369115273327
-584.0369115273327
-584.0369115273327
-584.0369115273327
-584.0369115273327
-584.0369115273327
-584.0369115273327
-561.5369115273327
-561.5369115273327
-561.5369115273327
-561.5369115273327
-561.5369115273327
-561.5369115273327
-561.5369115273327
-561.5369115273327
-539.0369115273327
-539.0369115273327
-539.0369115273327
-539.0369115273327
-539.0369115273327
-539.0369115273327
-539.0369115273327
-539.0369115273327
-561.1680590683162
-561.1680590683162
-561.1680590683162
-561.1680590683162
-561.1680590683162
-561.1680590683162
-561.1680590683162
-561.1680590683162
-580.7332764596206
-580.7332764596206
-580.7332764596206
-580.7332764596206
-580.7332764596206
-580.7332764596206
-580.7332764596206
-580.7332764596206
-580.7332764596206
-580.7332764596206
-580.7332764596206
-580.7332764596206
-580.7332764596206
-580.7332764596206
-580.7332764596206
-580.7332764596206
-580.7332764596206
-580.7332764596206
-580.7332764596206
-580.7332764596206
-580.7332764596206
-580.7332764596206
-580.7332764596206
-580.7332764596206
-580.7332764596206
-580.7332764596206
-580.7332764596206
-580.7332764596206
-580.7332764596206
-580.7332764596206
-580.7332764596206
-580.7332764596206
-595.2494054918786
-595.2494054918786
-595.2494054918786
-595.2494054918786
-595.2494054918786
-595.2494054918786
-595.2494054918786
-595.2494054918786
-611.1317584330551
-611.1317584330551
-611.1317584330551
-611.1317584330551
-611.1317584330551
-611.1317584330551
-611.1317584330551
-611.1317584330551
-628.6642259655226
-628.6642259655226
-628.6642259655226
-628.6642259655226
-628.6642259655226
-628.6642259655226
-628.6642259655226
-628.6642259655226
-648.229443356827
-648.229443356827
-648.229443356827
-648.229443356827
-648.229443356827
-648.229443356827
-648.229443356827
-648.229443356827
-670.3605908978105
-670.3605908978105
-670.3605908978105
-670.3605908978105
-670.3605908978105
-670.3605908978105
-670.3605908978105
-670.3605908978105
-692.8605908978105
-692.8605908978105
-692.8605908978105
-692.8605908978105
-692.8605908978105
-692.8605908978105
-692.8605908978105
-692.8605908978105
-670.3605908978105
-670.3605908978105
-670.3605908978105
-670.3605908978105
-670.3605908978105
-670.3605908978105
-670.3605908978105
-670.3605908978105
-647.8605908978105
-647.8605908978105
-647.8605908978105
-647.8605908978105
-647.8605908978105
-647.8605908978105
-647.8605908978105
-647.8605908978105
-625.3605908978105
-625.3605908978105
-625.3605908978105
-625.3605908978105
-625.3605908978105
-625.3605908978105
-625.3605908978105
-625.3605908978105
-602.8605908978105
-602.8605908978105
-602.8605908978105
-602.8605908978105
-602.8605908978105
-602.8605908978105
-602.8605908978105
-602.8605908978105
-580.3605908978105
-580.3605908978105
-580.3605908978105
-580.3605908978105
-580.3605908978105
-580.3605908978105
-580.3605908978105
-580.3605908978105
-557.8605908978105
-557.8605908978105
-557.8605908978105
-557.8605908978105
-557.8605908978105
-557.8605908978105
-557.8605908978105
-557.8605908978105
-535.3605908978105
-535.3605908978105
-535.3605908978105
-535.3605908978105
-535.3605908978105
-535.3605908978105
-535.3605908978105
-535.3605908978105
-512.8605908978105
-512.8605908978105
-512.8605908978105
-512.8605908978105
-512.8605908978105
-512.8605908978105
-512.8605908978105
-512.8605908978105
-534.289162326382
-534.289162326382
-534.289162326382
-534.289162326382
-534.289162326382
-534.289162326382
-534.289162326382
-534.289162326382
-553.3032468334242
-553.3032468334242
-553.3032468334242
-553.3032468334242
-553.3032468334242
-553.3032468334242
-553.3032468334242
-553.3032468334242
-553.3032468334242
-553.3032468334242
-553.3032468334242
-553.3032468334242
-553.3032468334242
-553.3032468334242
-553.3032468334242
-553.3032468334242
-553.3032468334242
-553.3032468334242
-553.3032468334242
-553.3032468334242
-553.3032468334242
-553.3032468334242
-553.3032468334242
-553.3032468334242
-553.3032468334242
-553.3032468334242
-553.3032468334242
-553.3032468334242
-553.3032468334242
-553.3032468334242
-553.3032468334242
-553.3032468334242
-566.410042949929
-566.410042949929
-566.410042949929
-566.410042949929
-566.410042949929
-566.410042949929
-566.410042949929
-566.410042949929
-578.5722051120912
-578.5722051120912
-578.5722051120912
-578.5722051120912
-578.5722051120912
-578.5722051120912
-578.5722051120912
-578.5722051120912
-589.9167429272172
-589.9167429272172
-589.9167429272172
-589.9167429272172
-589.9167429272172
-589.9167429272172
-589.9167429272172
-589.9167429272172
-601.2612807423433
-601.2612807423433
-601.2612807423433
-601.2612807423433
-601.2612807423433
-601.2612807423433
-601.2612807423433
-601.2612807423433
-613.4234429045055
-613.4234429045055
-613.4234429045055
-613.4234429045055
-613.4234429045055
-613.4234429045055
-613.4234429045055
-613.4234429045055
-626.5302390210103
-626.5302390210103
-626.5302390210103
-626.5302390210103
-626.5302390210103
-626.5302390210103
-626.5302390210103
-626.5302390210103
-640.4477647942061
-640.4477647942061
-640.4477647942061
-640.4477647942061
-640.4477647942061
-640.4477647942061
-640.4477647942061
-640.4477647942061
-653.304907651349
-653.304907651349
-653.304907651349
-653.304907651349
-653.304907651349
-653.304907651349
-653.304907651349
-653.304907651349
-665.2518103062163
-665.2518103062163
-665.2518103062163
-665.2518103062163
-665.2518103062163
-665.2518103062163
-665.2518103062163
-665.2518103062163
-677.1987129610835
-677.1987129610835
-677.1987129610835
-677.1987129610835
-677.1987129610835
-677.1987129610835
-677.1987129610835
-677.1987129610835
-690.0558558182264
-690.0558558182264
-690.0558558182264
-690.0558558182264
-690.0558558182264
-690.0558558182264
-690.0558558182264
-690.0558558182264
-703.9733815914223
-703.9733815914223
-703.9733815914223
-703.9733815914223
-703.9733815914223
-703.9733815914223
-703.9733815914223
-703.9733815914223
-719.141920917265
-719.141920917265
-719.141920917265
-719.141920917265
-719.141920917265
-719.141920917265
-719.141920917265
-719.141920917265
-735.8085875839316
-735.8085875839316
-735.8085875839316
-735.8085875839316
-735.8085875839316
-735.8085875839316
-735.8085875839316
-735.8085875839316
-758.3085875839316
-758.3085875839316
-758.3085875839316
-758.3085875839316
-758.3085875839316
-758.3085875839316
-758.3085875839316
-758.3085875839316
-780.8085875839316
-780.8085875839316
-780.8085875839316
-780.8085875839316
-780.8085875839316
-780.8085875839316
-780.8085875839316
-780.8085875839316
-780.8085875839316
-780.8085875839316
-780.8085875839316
-780.8085875839316
-780.8085875839316
-780.8085875839316
-780.8085875839316
-780.8085875839316
-758.3085875839316
-758.3085875839316
-758.3085875839316
-758.3085875839316
-758.3085875839316
-758.3085875839316
-758.3085875839316
-758.3085875839316
-737.2148375839316
-737.2148375839316
-737.2148375839316
-737.2148375839316
-737.2148375839316
-737.2148375839316
-737.2148375839316
-737.2148375839316
-717.361896407461
-717.361896407461
-717.361896407461
-717.361896407461
-717.361896407461
-717.361896407461
-717.361896407461
-717.361896407461
-694.861896407461
-694.861896407461
-694.861896407461
-694.861896407461
-694.861896407461
-694.861896407461
-694.861896407461
-694.861896407461
-672.361896407461
-672.361896407461
-672.361896407461
-672.361896407461
-672.361896407461
-672.361896407461
-672.361896407461
-672.361896407461
-649.861896407461
-649.861896407461
-649.861896407461
-649.861896407461
-649.861896407461
-649.861896407461
-649.861896407461
-649.861896407461
-649.861896407461
-649.861896407461
-649.861896407461
-649.861896407461
-649.861896407461
-649.861896407461
-649.861896407461
-649.861896407461
-649.861896407461
-649.861896407461
-649.861896407461
-649.861896407461
-649.861896407461
-649.861896407461
-649.861896407461
-649.861896407461
-630.5761821217468
-630.5761821217468
-630.5761821217468
-630.5761821217468
-630.5761821217468
-630.5761821217468
-630.5761821217468
-630.5761821217468
-610.1216366672014
-610.1216366672014
-610.1216366672014
-610.1216366672014
-610.1216366672014
-610.1216366672014
-610.1216366672014
-610.1216366672014
-590.2686954907308
-590.2686954907308
-590.2686954907308
-590.2686954907308
-590.2686954907308
-590.2686954907308
-590.2686954907308
-590.2686954907308
-572.5055375959939
-572.5055375959939
-572.5055375959939
-572.5055375959939
-572.5055375959939
-572.5055375959939
-572.5055375959939
-572.5055375959939
-588.5769661674225
-588.5769661674225
-588.5769661674225
-588.5769661674225
-588.5769661674225
-588.5769661674225
-588.5769661674225
-588.5769661674225
-605.4519661674225
-605.4519661674225
-605.4519661674225
-605.4519661674225
-605.4519661674225
-605.4519661674225
-605.4519661674225
-605.4519661674225
-624.2019661674225
-624.2019661674225
-624.2019661674225
-624.2019661674225
-624.2019661674225
-624.2019661674225
-624.2019661674225
-624.2019661674225
-645.2957161674225
-645.2957161674225
-645.2957161674225
-645.2957161674225
-645.2957161674225
-645.2957161674225
-645.2957161674225
-645.2957161674225
-667.7957161674225
-667.7957161674225
-667.7957161674225
-667.7957161674225
-667.7957161674225
-667.7957161674225
-667.7957161674225
-667.7957161674225
-688.8894661674225
-688.8894661674225
-688.8894661674225
-688.8894661674225
-688.8894661674225
-688.8894661674225
-688.8894661674225
-688.8894661674225
-688.8894661674225
-688.8894661674225
-688.8894661674225
-688.8894661674225
-688.8894661674225
-688.8894661674225
-688.8894661674225
-688.8894661674225
-705.7644661674225
-705.7644661674225
-705.7644661674225
-705.7644661674225
-705.7644661674225
-705.7644661674225
-705.7644661674225
-705.7644661674225
-721.1053752583316
-721.1053752583316
-721.1053752583316
-721.1053752583316
-721.1053752583316
-721.1053752583316
-721.1053752583316
-721.1053752583316
-721.1053752583316
-721.1053752583316
-721.1053752583316
-721.1053752583316
-721.1053752583316
-721.1053752583316
-721.1053752583316
-721.1053752583316
-721.1053752583316
-721.1053752583316
-721.1053752583316
-721.1053752583316
-721.1053752583316
-721.1053752583316
-721.1053752583316
-721.1053752583316
-733.158946686903
-733.158946686903
-733.158946686903
-733.158946686903
-733.158946686903
-733.158946686903
-733.158946686903
-733.158946686903
-744.408946686903
-744.408946686903
-744.408946686903
-744.408946686903
-744.408946686903
-744.408946686903
-744.408946686903
-744.408946686903
-754.955821686903
-754.955821686903
-754.955821686903
-754.955821686903
-754.955821686903
-754.955821686903
-754.955821686903
-754.955821686903
-764.8822922751384
-764.8822922751384
-764.8822922751384
-764.8822922751384
-764.8822922751384
-764.8822922751384
-764.8822922751384
-764.8822922751384
-774.2572922751384
-774.2572922751384
-774.2572922751384
-774.2572922751384
-774.2572922751384
-774.2572922751384
-774.2572922751384
-774.2572922751384
-783.1388712225069
-783.1388712225069
-783.1388712225069
-783.1388712225069
-783.1388712225069
-783.1388712225069
-783.1388712225069
-783.1388712225069
-791.5763712225069
-791.5763712225069
-791.5763712225069
-791.5763712225069
-791.5763712225069
-791.5763712225069
-791.5763712225069
-791.5763712225069
-800.1206750199752
-800.1206750199752
-800.1206750199752
-800.1206750199752
-800.1206750199752
-800.1206750199752
-800.1206750199752
-800.1206750199752
-809.1206750199752
-809.1206750199752
-809.1206750199752
-809.1206750199752
-809.1206750199752
-809.1206750199752
-809.1206750199752
-809.1206750199752
-818.6277172734964
-818.6277172734964
-818.6277172734964
-818.6277172734964
-818.6277172734964
-818.6277172734964
-818.6277172734964
-818.6277172734964
-828.7023441391681
-828.7023441391681
-828.7023441391681
-828.7023441391681
-828.7023441391681
-828.7023441391681
-828.7023441391681
-828.7023441391681
-851.2023441391681
-851.2023441391681
-851.2023441391681
-851.2023441391681
-851.2023441391681
-851.2023441391681
-851.2023441391681
-851.2023441391681
-851.2023441391681
-851.2023441391681
-851.2023441391681
-851.2023441391681
-851.2023441391681
-851.2023441391681
-851.2023441391681
-851.2023441391681
-851.2023441391681
-851.2023441391681
-851.2023441391681
-851.2023441391681
-851.2023441391681
-851.2023441391681
-851.2023441391681
-851.2023441391681
-851.2023441391681
-851.2023441391681
-851.2023441391681
-851.2023441391681
-851.2023441391681
-851.2023441391681
-851.2023441391681
-851.2023441391681
-871.6568895937135
-871.6568895937135
-871.6568895937135
-871.6568895937135
-871.6568895937135
-871.6568895937135
-871.6568895937135
-871.6568895937135
-871.6568895937135
-871.6568895937135
-871.6568895937135
-871.6568895937135
-871.6568895937135
-871.6568895937135
-871.6568895937135
-871.6568895937135
-855.1934749595671
-855.1934749595671
-855.1934749595671
-855.1934749595671
-855.1934749595671
-855.1934749595671
-855.1934749595671
-855.1934749595671
-839.1220463881385
-839.1220463881385
-839.1220463881385
-839.1220463881385
-839.1220463881385
-839.1220463881385
-839.1220463881385
-839.1220463881385
-839.1220463881385
-839.1220463881385
-839.1220463881385
-839.1220463881385
-839.1220463881385
-839.1220463881385
-839.1220463881385
-839.1220463881385
-825.3465361840568
-825.3465361840568
-825.3465361840568
-825.3465361840568
-825.3465361840568
-825.3465361840568
-825.3465361840568
-825.3465361840568
-810.9848340563973
-810.9848340563973
-810.9848340563973
-810.9848340563973
-810.9848340563973
-810.9848340563973
-810.9848340563973
-810.9848340563973
-795.2871596377927
-795.2871596377927
-795.2871596377927
-795.2871596377927
-795.2871596377927
-795.2871596377927
-795.2871596377927
-795.2871596377927
-778.8237450036463
-778.8237450036463
-778.8237450036463
-778.8237450036463
-778.8237450036463
-778.8237450036463
-778.8237450036463
-778.8237450036463
-763.8237450036463
-763.8237450036463
-763.8237450036463
-763.8237450036463
-763.8237450036463
-763.8237450036463
-763.8237450036463
-763.8237450036463
-741.3237450036463
-741.3237450036463
-741.3237450036463
-741.3237450036463
-741.3237450036463
-741.3237450036463
-741.3237450036463
-741.3237450036463
-718.8237450036463
-718.8237450036463
-718.8237450036463
-718.8237450036463
-718.8237450036463
-718.8237450036463
-718.8237450036463
-718.8237450036463
-696.3237450036463
-696.3237450036463
-696.3237450036463
-696.3237450036463
-696.3237450036463
-696.3237450036463
-696.3237450036463
-696.3237450036463
-718.8237450036463
-718.8237450036463
-718.8237450036463
-718.8237450036463
-718.8237450036463
-718.8237450036463
-718.8237450036463
-718.8237450036463
-741.3237450036463
-741.3237450036463
-741.3237450036463
-741.3237450036463
-741.3237450036463
-741.3237450036463
-741.3237450036463
-741.3237450036463
-741.3237450036463
-741.3237450036463
-741.3237450036463
-741.3237450036463
-741.3237450036463
-741.3237450036463
-741.3237450036463
-741.3237450036463
-761.1766861801169
-761.1766861801169
-761.1766861801169
-761.1766861801169
-761.1766861801169
-761.1766861801169
-761.1766861801169
-761.1766861801169
-778.9398440748538
-778.9398440748538
-778.9398440748538
-778.9398440748538
-778.9398440748538
-778.9398440748538
-778.9398440748538
-778.9398440748538
-795.0112726462824
-795.0112726462824
-795.0112726462824
-795.0112726462824
-795.0112726462824
-795.0112726462824
-795.0112726462824
-795.0112726462824
-795.0112726462824
-795.0112726462824
-795.0112726462824
-795.0112726462824
-795.0112726462824
-795.0112726462824
-795.0112726462824
-795.0112726462824
-795.0112726462824
-795.0112726462824
-795.0112726462824
-795.0112726462824
-795.0112726462824
-795.0112726462824
-795.0112726462824
-795.0112726462824
-808.5112726462824
-808.5112726462824
-808.5112726462824
-808.5112726462824
-808.5112726462824
-808.5112726462824
-808.5112726462824
-808.5112726462824
-823.1851856897606
-823.1851856897606
-823.1851856897606
-823.1851856897606
-823.1851856897606
-823.1851856897606
-823.1851856897606
-823.1851856897606
-839.2566142611892
-839.2566142611892
-839.2566142611892
-839.2566142611892
-839.2566142611892
-839.2566142611892
-839.2566142611892
-839.2566142611892
-857.019772155926
-857.019772155926
-857.019772155926
-857.019772155926
-857.019772155926
-857.019772155926
-857.019772155926
-857.019772155926
-873.0912007273546
-873.0912007273546
-873.0912007273546
-873.0912007273546
-873.0912007273546
-873.0912007273546
-873.0912007273546
-873.0912007273546
-889.554615361501
-889.554615361501
-889.554615361501
-889.554615361501
-889.554615361501
-889.554615361501
-889.554615361501
-889.554615361501
-889.554615361501
-889.554615361501
-889.554615361501
-889.554615361501
-889.554615361501
-889.554615361501
-889.554615361501
-889.554615361501
-889.554615361501
-889.554615361501
-889.554615361501
-889.554615361501
-889.554615361501
-889.554615361501
-889.554615361501
-889.554615361501
-889.554615361501
-889.554615361501
-889.554615361501
-889.554615361501
-889.554615361501
-889.554615361501
-889.554615361501
-889.554615361501
-889.554615361501
-889.554615361501
-889.554615361501
-889.554615361501
-889.554615361501
-889.554615361501
-889.554615361501
-889.554615361501
-912.054615361501
-912.054615361501
-912.054615361501
-912.054615361501
-912.054615361501
-912.054615361501
-912.054615361501
-912.054615361501
-912.054615361501
-912.054615361501
-912.054615361501
-912.054615361501
-912.054615361501
-912.054615361501
-912.054615361501
-912.054615361501
-912.054615361501
-912.054615361501
-912.054615361501
-912.054615361501
-912.054615361501
-912.054615361501
-912.054615361501
-912.054615361501
-912.054615361501
-912.054615361501
-912.054615361501
-912.054615361501
-912.054615361501
-912.054615361501
-912.054615361501
-912.054615361501
-912.054615361501
-912.054615361501
-912.054615361501
-912.054615361501
-912.054615361501
-912.054615361501
-912.054615361501
-912.054615361501
-912.054615361501
-912.054615361501
-912.054615361501
-912.054615361501
-912.054615361501
-912.054615361501
-912.054615361501
-912.054615361501
-912.054615361501
-912.054615361501
-912.054615361501
-912.054615361501
-912.054615361501
-912.054615361501
-912.054615361501
-912.054615361501
-912.054615361501
-912.054615361501
-912.054615361501
-912.054615361501
-912.054615361501
-912.054615361501
-912.054615361501
-912.054615361501
-912.054615361501
-912.054615361501
-912.054615361501
-912.054615361501
-912.054615361501
-912.054615361501
-912.054615361501
-912.054615361501
-912.054615361501
-912.054615361501
-912.054615361501
-912.054615361501
-912.054615361501
-912.054615361501
-912.054615361501
-912.054615361501
-912.054615361501
-912.054615361501
-912.054615361501
-912.054615361501
-912.054615361501
-912.054615361501
-912.054615361501
-912.054615361501
-912.054615361501
-912.054615361501
-912.054615361501
-912.054615361501
-912.054615361501
-912.054615361501
-912.054615361501
-912.054615361501
-912.054615361501
-912.054615361501
-912.054615361501
-912.054615361501
-912.054615361501
-912.054615361501
-912.054615361501
-912.054615361501
-912.054615361501
-912.054615361501
-912.054615361501
-912.054615361501
-912.054615361501
-912.054615361501
-912.054615361501
-912.054615361501
-912.054615361501
-912.054615361501
-912.054615361501
-912.054615361501
-912.054615361501
-912.054615361501
-912.054615361501
-912.054615361501
-912.054615361501
-912.054615361501
-912.054615361501
-912.054615361501
-912.054615361501
-912.054615361501
-912.054615361501
-912.054615361501
-912.054615361501
-912.054615361501
-912.054615361501
-912.054615361501
-912.054615361501
-912.054615361501
-912.054615361501
-912.054615361501
-912.054615361501
-912.054615361501
-912.054615361501
-912.054615361501
-912.054615361501
-912.054615361501
-912.054615361501
-912.054615361501
-912.054615361501
-912.054615361501
-912.054615361501
-912.054615361501
-912.054615361501
-912.054615361501
-912.054615361501
-912.054615361501
-912.054615361501
-912.054615361501
-912.054615361501
-912